0
0
1
2
3
5
6
7
8
9
10
11
12
13
13
13
13
13
13
14
14
14
14
14
14
15
15
15
15
15
15
16
16
16
16
16
16
17
17
17
17
17
17
18
18
18
18
18
18
19
19
19
19
19
19
20
20
20
20
20
20
21
21
21
21
21
21
22
22
23
24
25
26
27
28
29
31
32
33
34
35
36
37
38
39
40
41
42
43
44
45
46
47
48
49
50
51
52
53
54
55
56
57
58
59
60
61
62
63
64
65
66
67
68
69
70
71
72
73
74
76
77
78
79
80
81
82
83
84
85
86
87
88
89
90
91
92
93
94
95
96
97
98
99
100
101
102
103
104
105
106
107
108
109
110
111
112
113
114
115
116
117
118
119
121
122
123
124
125
126
127
128
129
130
131
132
133
134
135
136
137
138
139
140
141
142
143
144
145
146
147
148
149
150
151
152
153
154
155
156
157
158
159
160
161
162
163
164
166
167
168
169
170
171
172
173
174
175
176
177
178
179
180
181
182
183
184
185
186
187
188
189
190
191
192
193
194
195
196
197
198
199
200
201
202
203
204
205
206
207
208
209
211
212
213
214
215
216
217
218
219
220
221
222
223
224
225
226
227
228
229
230
231
232
233
234
235
236
237
238
239
240
241
242
243
244
245
246
247
248
249
250
251
252
253
254
256
257
258
259
260
261
262
263
264
265
266
267
268
269
270
271
272
273
274
275
276
277
278
279
280
281
282
283
284
285
286
287
288
289
290
291
292
293
294
295
296
297
298
299
301
302
303
304
305
306
307
308
309
310
311
312
313
314
315
316
317
318
319
320
321
322
323
324
325
326
327
328
329
330
331
332
333
334
335
336
337
338
339
340
341
342
343
344
345
347
348
349
350
351
352
353
354
355
356
357
358
359
360
361
362
363
364
365
366
367
368
369
370
371
372
373
374
375
376
377
378
379
380
381
382
383
384
385
386
387
388
389
390
392
393
394
395
396
397
398
399
400
401
402
403
404
405
406
407
408
409
410
411
412
413
414
415
416
417
418
419
420
421
422
423
424
425
426
427
428
429
430
431
432
433
434
435
437
438
439
440
441
442
443
444
445
446
447
448
449
450
451
452
453
454
455
456
457
458
459
460
461
462
463
464
465
466
467
468
469
470
471
472
473
474
475
476
477
478
479
480
482
483
484
485
486
487
488
489
490
491
492
493
494
495
496
497
498
499
500
501
502
503
504
505
506
507
508
509
510
511
512
513
514
515
516
517
518
519
520
521
522
523
524
525
527
528
529
530
531
532
533
534
535
536
537
538
539
540
541
542
543
544
545
546
547
548
549
550
551
552
553
554
555
556
557
558
559
560
561
562
563
564
565
566
567
568
569
570
572
573
574
575
576
577
578
579
580
581
582
583
584
585
586
587
588
589
590
591
592
593
594
595
596
597
598
599
600
601
602
603
604
605
606
607
608
609
610
611
612
613
614
615
617
618
619
620
621
622
623
624
625
626
627
628
629
630
631
632
633
634
635
636
637
638
639
640
641
642
643
644
645
646
647
648
649
650
651
652
653
654
655
656
657
658
659
660
662
663
664
665
666
667
668
669
670
671
672
673
674
675
676
677
678
679
680
681
682
683
684
685
686
687
688
689
690
691
692
693
694
695
696
697
698
699
700
701
702
703
704
705
707
708
709
710
711
712
713
714
715
716
717
718
719
720
721
722
723
724
725
726
727
728
729
730
731
732
733
734
735
736
737
738
739
740
741
742
743
744
745
746
747
748
749
750
752
753
754
755
756
757
758
759
760
761
762
763
764
765
766
767
768
769
770
771
772
773
774
775
776
777
778
779
780
781
782
783
784
785
786
787
788
789
790
791
792
793
794
795
797
798
799
800
801
802
803
804
805
806
807
808
809
810
811
812
813
814
815
816
817
818
819
820
821
822
823
824
825
826
827
828
829
830
831
832
833
834
835
836
837
838
839
840
842
843
844
845
846
847
848
849
850
851
852
853
854
855
856
857
858
859
860
861
862
863
864
865
866
867
868
869
870
871
872
873
874
875
876
877
878
879
880
881
882
883
884
885
887
888
889
890
891
892
893
894
895
896
897
898
899
900
901
902
903
904
905
906
907
908
909
910
911
912
913
914
915
916
917
918
919
920
921
922
923
924
925
926
927
928
929
930
932
933
934
935
936
937
938
939
940
941
942
943
944
945
946
947
948
949
950
951
952
953
954
955
956
957
958
959
960
961
962
963
964
965
966
967
968
969
970
971
972
973
974
975
977
978
979
980
981
982
983
984
985
986
987
988
989
990
991
992
993
994
995
996
997
998
999
1000
1001
1002
1003
1004
1005
1006
1007
1008
1009
1010
1011
1012
1013
1014
1015
1016
1017
1018
1019
1020
1022
1023
1024
1025
1026
1027
1028
1029
1030
1030
1030
1030
1030
1030
1031
1031
1031
1031
1031
1031
1031
1032
1032
1032
1032
1032
1032
1032
1033
1033
1033
1033
1033
1033
1034
1034
1034
1034
1034
1034
1035
1035
1035
1035
1035
1035
1035
1036
1036
1036
1036
1036
1036
1037
1037
1037
1037
1037
1037
1037
1038
1038
1038
1038
1039
1040
1041
1042
1043
1044
1045
1046
1047
1048
1049
1050
1051
1052
1053
1054
1055
1056
1057
1058
1059
1060
1061
1062
1063
1064
1065
1066
1068
1069
1070
1071
1072
1073
1074
1075
1076
1077
1078
1079
1080
1081
1082
1083
1084
1085
1086
1087
1088
1089
1090
1091
1092
1093
1094
1095
1096
1097
1098
1099
1100
1101
1102
1103
1104
1105
1106
1107
1108
1109
1110
1111
1113
1114
1115
1116
1117
1118
1119
1120
1121
1122
1123
1124
1125
1126
1127
1128
1129
1130
1131
1132
1133
1134
1135
1136
1137
1138
1139
1140
1141
1142
1143
1144
1145
1146
1147
1148
1149
1150
1151
1152
1153
1154
1155
1156
1158
1159
1160
1161
1162
1163
1164
1165
1166
1167
1168
1169
1170
1171
1172
1173
1174
1175
1176
1177
1178
1179
1180
1181
1182
1183
1184
1185
1186
1187
1188
1189
1190
1191
1192
1193
1194
1195
1196
1197
1198
1199
1200
1201
1202
1204
1205
1206
1207
1208
1209
1210
1211
1212
1213
1214
1215
1216
1217
1218
1219
1220
1221
1222
1223
1224
1225
1226
1227
1228
1229
1230
1231
1232
1233
1234
1235
1236
1237
1238
1239
1240
1241
1242
1243
1244
1245
1246
1248
1249
1250
1251
1252
1253
1254
1255
1256
1257
1258
1259
1260
1261
1262
1263
1264
1265
1266
1267
1268
1269
1270
1271
1272
1273
1274
1275
1276
1277
1278
1279
1280
1281
1282
1283
1284
1285
1286
1287
1288
1289
1290
1291
1292
1294
1295
1296
1297
1298
1299
1300
1301
1302
1303
1304
1305
1306
1307
1308
1309
1310
1311
1312
1313
1314
1315
1316
1317
1318
1319
1320
1321
1322
1323
1324
1325
1326
1327
1328
1329
1330
1331
1332
1333
1334
1335
1336
1337
1339
1340
1341
1342
1343
1344
1345
1346
1347
1348
1349
1350
1351
1352
1353
1354
1355
1356
1357
1358
1359
1360
1361
1362
1363
1364
1365
1366
1367
1368
1369
1370
1371
1372
1373
1374
1375
1376
1377
1378
1379
1380
1381
1382
1384
1385
1386
1387
1388
1389
1390
1391
1392
1393
1394
1395
1396
1397
1398
1399
1400
1401
1402
1403
1404
1405
1406
1407
1408
1409
1410
1411
1412
1413
1414
1415
1416
1417
1418
1419
1420
1421
1422
1423
1424
1425
1426
1427
1429
1430
1431
1432
1433
1434
1435
1436
1437
1438
1439
1440
1441
1442
1443
1444
1445
1446
1447
1448
1449
1450
1451
1452
1453
1454
1455
1456
1457
1458
1459
1460
1461
1462
1463
1464
1465
1466
1467
1468
1469
1470
1471
1472
1474
1475
1476
1477
1478
1479
1480
1481
1482
1483
1484
1485
1486
1487
1488
1489
1490
1491
1492
1493
1494
1495
1496
1497
1498
1499
1500
1501
1502
1503
1504
1505
1506
1507
1508
1509
1510
1511
1512
1513
1514
1515
1516
1517
1519
1520
1521
1522
1523
1524
1525
1526
1527
1528
1529
1530
1531
1532
1533
1534
1535
1536
1537
1538
1539
1540
1541
1542
1543
1544
1545
1546
1547
1548
1549
1550
1551
1552
1553
1554
1555
1556
1557
1558
1559
1560
1561
1562
1564
1565
1566
1567
1568
1569
1570
1571
1572
1573
1574
1575
1576
1577
1578
1579
1580
1581
1582
1583
1584
1585
1586
1587
1588
1589
1590
1591
1592
1593
1594
1595
1596
1597
1598
1599
1600
1601
1602
1603
1604
1605
1606
1607
1609
1610
1611
1612
1613
1614
1615
1616
1617
1618
1619
1620
1621
1622
1623
1624
1625
1626
1627
1628
1629
1630
1631
1632
1633
1634
1635
1636
1637
1638
1639
1640
1641
1642
1643
1644
1645
1646
1647
1648
1649
1650
1651
1652
1654
1655
1656
1657
1658
1659
1660
1661
1662
1663
1664
1665
1666
1667
1668
1669
1670
1671
1672
1673
1674
1675
1676
1677
1678
1679
1680
1681
1682
1683
1684
1685
1686
1687
1688
1689
1690
1691
1692
1693
1694
1695
1696
1697
1699
1700
1701
1702
1703
1704
1705
1706
1707
1708
1709
1710
1711
1712
1713
1714
1715
1716
1717
1718
1719
1720
1721
1722
1723
1724
1725
1726
1727
1728
1729
1730
1731
1732
1733
1734
1735
1736
1737
1738
1739
1740
1741
1742
1744
1745
1746
1747
1748
1749
1750
1751
1752
1753
1754
1755
1756
1757
1758
1759
1760
1761
1762
1763
1764
1765
1766
1767
1768
1769
1770
1771
1772
1773
1774
1775
1776
1777
1778
1779
1780
1781
1782
1783
1784
1785
1786
1787
1789
1790
1791
1792
1793
1794
1795
1796
1797
1798
1799
1800
1801
1802
1803
1804
1805
1806
1807
1808
1809
1810
1811
1812
1813
1814
1815
1816
1817
1818
1819
1820
1821
1822
1823
1824
1825
1826
1827
1828
1829
1830
1831
1833
1834
1835
1836
1837
1838
1839
1840
1841
1842
1843
1844
1845
1846
1847
1848
1849
1850
1851
1852
1853
1854
1855
1856
1857
1858
1859
1860
1861
1862
1863
1864
1865
1866
1867
1868
1869
1870
1871
1872
1873
1874
1875
1876
1877
1879
1880
1881
1882
1883
1884
1885
1886
1887
1888
1889
1890
1891
1892
1893
1894
1895
1896
1897
1898
1899
1900
1901
1902
1903
1904
1905
1906
1907
1908
1909
1910
1911
1912
1913
1914
1915
1916
1917
1918
1919
1920
1921
1922
1924
1925
1926
1927
1928
1929
1930
1931
1932
1933
1934
1935
1936
1937
1938
1939
1940
1941
1942
1943
1944
1945
1946
1947
1948
1949
1950
1951
1952
1953
1954
1955
1956
1957
1958
1959
1960
1961
1962
1963
1964
1965
1966
1968
1969
1970
1971
1972
1973
1974
1975
1976
1977
1978
1979
1980
1981
1982
1983
1984
1985
1986
1987
1988
1989
1990
1991
1992
1993
1994
1995
1996
1997
1998
1999
2000
2001
2002
2003
2004
2005
2006
2007
2008
2009
2010
2011
2012
2013
2015
2016
2017
2018
2019
2020
2021
2022
2023
2024
2025
2026
2027
2028
2029
2030
2031
2032
2033
2034
2035
2036
2037
2038
2039
2040
2041
2042
2043
2044
2045
2047
2047
2047
2047
2047
2047
2048
2048
2048
2048
2048
2048
2049
2049
2049
2049
2049
2049
2050
2050
2050
2050
2050
2051
2051
2051
2051
2051
2051
2051
2052
2052
2052
2052
2052
2052
2053
2053
2053
2053
2053
2053
2053
2054
2054
2054
2054
2054
2054
2055
2055
2055
2055
2055
2055
2056
2056
2056
2056
2056
2057
2058
2059
2060
2061
2062
2063
2064
2065
2066
2067
2068
2069
2070
2071
2072
2073
2074
2075
2076
2077
2078
2080
2081
2082
2083
2084
2085
2086
2087
2088
2089
2090
2091
2092
2093
2094
2095
2096
2097
2098
2099
2100
2101
2102
2103
2104
2105
2106
2107
2108
2109
2110
2111
2112
2113
2114
2115
2116
2117
2118
2119
2120
2121
2122
2124
2125
2126
2127
2128
2129
2130
2131
2132
2133
2134
2135
2136
2137
2138
2139
2140
2141
2142
2143
2144
2145
2146
2147
2148
2149
2150
2151
2152
2153
2154
2155
2156
2157
2158
2159
2160
2161
2162
2163
2164
2165
2166
2167
2169
2170
2171
2172
2173
2174
2175
2176
2177
2178
2179
2180
2181
2182
2183
2184
2185
2186
2187
2188
2189
2190
2191
2192
2193
2194
2195
2196
2197
2198
2199
2200
2201
2202
2203
2204
2205
2206
2207
2208
2209
2210
2211
2212
2214
2215
2216
2217
2218
2219
2220
2221
2222
2223
2224
2225
2226
2227
2228
2229
2230
2231
2232
2233
2234
2235
2236
2237
2238
2239
2240
2241
2242
2243
2244
2245
2246
2247
2248
2249
2250
2251
2252
2253
2254
2255
2256
2257
2258
2260
2261
2262
2263
2264
2265
2266
2267
2268
2269
2270
2271
2272
2273
2274
2275
2276
2277
2278
2279
2280
2281
2282
2283
2284
2285
2286
2287
2288
2289
2290
2291
2292
2293
2294
2295
2296
2297
2298
2299
2300
2301
2302
2303
2305
2306
2307
2308
2309
2310
2311
2312
2313
2314
2315
2316
2317
2318
2319
2320
2321
2322
2323
2324
2325
2326
2327
2328
2329
2330
2331
2332
2333
2334
2335
2336
2337
2338
2339
2340
2341
2342
2343
2344
2345
2346
2347
2348
2350
2351
2352
2353
2354
2355
2356
2357
2358
2359
2360
2361
2362
2363
2364
2365
2366
2367
2368
2369
2370
2371
2372
2373
2374
2375
2376
2377
2378
2379
2380
2381
2382
2383
2384
2385
2386
2387
2388
2389
2390
2391
2392
2393
2395
2396
2397
2398
2399
2400
2401
2402
2403
2404
2405
2406
2407
2408
2409
2410
2411
2412
2413
2414
2415
2416
2417
2418
2419
2420
2421
2422
2423
2424
2425
2426
2427
2428
2429
2430
2431
2432
2433
2434
2435
2436
2437
2438
2440
2441
2442
2443
2444
2445
2446
2447
2448
2449
2450
2451
2452
2453
2454
2455
2456
2457
2458
2459
2460
2461
2462
2463
2464
2465
2466
2467
2468
2469
2470
2471
2472
2473
2474
2475
2476
2477
2478
2479
2480
2481
2482
2483
2485
2486
2487
2488
2489
2490
2491
2492
2493
2494
2495
2496
2497
2498
2499
2500
2501
2502
2503
2504
2505
2506
2507
2508
2509
2510
2511
2512
2513
2514
2515
2516
2517
2518
2519
2520
2521
2522
2523
2524
2525
2526
2527
2528
2530
2531
2532
2533
2534
2535
2536
2537
2538
2539
2540
2541
2542
2543
2544
2545
2546
2547
2548
2549
2550
2551
2552
2553
2554
2555
2556
2557
2558
2559
2560
2561
2562
2563
2564
2565
2566
2567
2568
2569
2570
2571
2572
2573
2574
2576
2577
2578
2579
2580
2581
2582
2583
2584
2585
2586
2587
2588
2589
2590
2591
2592
2593
2594
2595
2596
2597
2598
2599
2600
2601
2602
2603
2604
2605
2606
2607
2608
2609
2610
2611
2612
2613
2614
2615
2616
2617
2618
2620
2621
2622
2623
2624
2625
2626
2627
2628
2629
2630
2631
2632
2633
2634
2635
2636
2637
2638
2639
2640
2641
2642
2643
2644
2645
2646
2647
2648
2649
2650
2651
2652
2653
2654
2655
2656
2657
2658
2659
2660
2661
2662
2663
2664
2666
2667
2668
2669
2670
2671
2672
2673
2674
2675
2676
2677
2678
2679
2680
2681
2682
2683
2684
2685
2686
2687
2688
2689
2690
2691
2692
2693
2694
2695
2696
2697
2698
2699
2700
2701
2702
2703
2704
2705
2706
2707
2708
2710
2711
2712
2713
2714
2715
2716
2717
2718
2719
2720
2721
2722
2723
2724
2725
2726
2727
2728
2729
2730
2731
2732
2733
2734
2735
2736
2737
2738
2739
2740
2741
2742
2743
2744
2745
2746
2747
2748
2749
2750
2751
2752
2753
2755
2756
2757
2758
2759
2760
2761
2762
2763
2764
2765
2766
2767
2768
2769
2770
2771
2772
2773
2774
276
3066
3066
3067
3067
3067
3067
3067
3067
3067
3068
3068
3068
3068
3068
3068
3069
3069
3069
3069
3069
3069
3070
3070
3070
3070
3070
3070
3071
3071
3071
3071
3071
3071
3072
3072
3072
3072
3072
3072
3072
3073
3073
3073
3073
3073
3073
3074
3074
3075
3076
3077
3078
3079
3080
3082
3083
3084
3085
3086
3087
3088
3089
3090
3091
3092
3093
3094
3095
3096
3097
3098
3099
3100
3101
3102
3103
3104
3105
3106
3107
3108
3109
3110
3111
3112
3113
3114
3115
3116
3117
3118
3119
3120
3121
3122
3123
3124
3126
3127
3128
3129
3130
3131
3132
3133
3134
3135
3136
3137
3138
3139
3140
3141
3142
3143
3144
3145
3146
3147
3148
3149
3150
3151
3152
3153
3154
3155
3156
3157
3158
3159
3160
3161
3162
3163
3164
3165
3166
3167
3168
3169
3171
3172
3173
3174
3175
3176
3177
3178
3179
3180
3181
3182
3183
3184
3185
3186
3187
3188
3189
3190
3191
3192
3193
3194
3195
3196
3197
3198
3199
3200
3201
3202
3203
3204
3205
3206
3207
3208
3209
3210
3211
3212
3213
3214
3216
3217
3218
3219
3220
3221
3222
3223
3224
3225
3226
3227
3228
3229
3230
3231
3232
3233
3234
3235
3236
3237
3238
3239
3240
3241
3242
3243
3244
3245
3246
3247
3248
3249
3250
3251
3252
3253
3254
3255
3256
3257
3258
3259
3261
3262
3263
3264
3265
3266
3267
3268
3269
3270
3271
3272
3273
3274
3275
3276
3277
3278
3279
3280
3281
3282
3283
3284
3285
3286
3287
3288
3289
3290
3291
3292
3293
3294
3295
3296
3297
3298
3299
3300
3301
3302
3303
3304
3305
3307
3308
3309
3310
3311
3312
3313
3314
3315
3316
3317
3318
3319
3320
3321
3322
3323
3324
3325
3326
3327
3328
3329
3330
3331
3332
3333
3334
3335
3336
3337
3338
3339
3340
3341
3342
3343
3344
3345
3346
3347
3348
3349
3351
3352
3353
3354
3355
3356
3357
3358
3359
3360
3361
3362
3363
3364
3365
3366
3367
3368
3369
3370
3371
3372
3373
3374
3375
3376
3377
3378
3379
3380
3381
3382
3383
3384
3385
3386
3387
3388
3389
3390
3391
3392
3393
3394
3396
3397
3398
3399
3400
3401
3402
3403
3404
3405
3406
3407
3408
3409
3410
3411
3412
3413
3414
3415
3416
3417
3418
3419
3420
3421
3422
3423
3424
3425
3426
3427
3428
3429
3430
3431
3432
3433
3434
3435
3436
3437
3438
3439
3440
3442
3443
3444
3445
3446
3447
3448
3449
3450
3451
3452
3453
3454
3455
3456
3457
3458
3459
3460
3461
3462
3463
3464
3465
3466
3467
3468
3469
3470
3471
3472
3473
3474
3475
3476
3477
3478
3479
3480
3481
3482
3483
3484
3485
3487
3488
3489
3490
3491
3492
3493
3494
3495
3496
3497
3498
3499
3500
3501
3502
3503
3504
3505
3506
3507
3508
3509
3510
3511
3512
3513
3514
3515
3516
3517
3518
3519
3520
3521
3522
3523
3524
3525
3526
3527
3528
3529
3530
3532
3533
3534
3535
3536
3537
3538
3539
3540
3541
3542
3543
3544
3545
3546
3547
3548
3549
3550
3551
3552
3553
3554
3555
3556
3557
3558
3559
3560
3561
3562
3563
3564
3565
3566
3567
3568
3569
3570
3571
3572
3573
3574
3575
3577
3578
3579
3580
3581
3582
3583
3584
3585
3586
3587
3588
3589
3590
3591
3592
3593
3594
3595
3596
3597
3598
3599
3600
3601
3602
3603
3604
3605
3606
3607
3608
3609
3610
3611
3612
3613
3614
3615
3616
3617
3618
3619
3620
3622
3623
3624
3625
3626
3627
3628
3629
3630
3631
3632
3633
3634
3635
3636
3637
3638
3639
3640
3641
3642
3643
3644
3645
3646
3647
3648
3649
3650
3651
3652
3653
3654
3655
3656
3657
3658
3659
3660
3661
3662
3663
3664
3665
3667
3668
3669
3670
3671
3672
3673
3674
3675
3676
3677
3678
3679
3680
3681
3682
3683
3684
3685
3686
3687
3688
3689
3690
3691
3692
3693
3694
3695
3696
3697
3698
3699
3700
3701
3702
3703
3704
3705
3706
3707
3708
3709
3710
3712
3713
3714
3715
3716
3717
3718
3719
3720
3721
3722
3723
3724
3725
3726
3727
3728
3729
3730
3731
3732
3733
3734
3735
3736
3737
3738
3739
3740
3741
3742
3743
3744
3745
3746
3747
3748
3749
3750
3751
3752
3753
3754
3755
3757
3758
3759
3760
3761
3762
3763
3764
3765
3766
3767
3768
3769
3770
3771
3772
3773
3774
3775
3776
3777
3778
3779
3780
3781
3782
3783
3784
3785
3786
3787
3788
3789
3790
3791
3792
3793
3794
3795
3796
3797
3798
3799
3801
3802
3803
3804
3805
3806
3807
3808
3809
3810
3811
3812
3813
3814
3815
3816
3817
3818
3819
3820
3821
3822
3823
3824
3825
3826
3827
3828
3829
3830
3831
3832
3833
3834
3835
3836
3837
3838
3839
3840
3841
3842
3843
3844
3845
3846
3848
3849
3850
3851
3852
3853
3854
3855
3856
3857
3858
3859
3860
3861
3862
3863
3864
3865
3866
3867
3868
3869
3870
3871
3872
3873
3874
3875
3876
3877
3878
3879
3880
3881
3882
3883
3884
3885
3886
3887
3888
3889
3890
3892
3893
3894
3895
3896
3897
3898
3899
3900
3901
3902
3903
3904
3905
3906
3907
3908
3909
3910
3911
3912
3913
3914
3915
3916
3917
3918
3919
3920
3921
3922
3923
3924
3925
3926
3927
3928
3929
3930
3931
3932
3933
3934
3935
3936
3938
3939
3940
3941
3942
3943
3944
3945
3946
3947
3948
3949
3950
3951
3952
3953
3954
3955
3956
3957
3958
3959
3960
3961
3962
3963
3964
3965
3966
3967
3968
3969
3970
3971
3972
3973
3974
3975
3976
3977
3978
3979
3980
3981
3983
3984
3985
3986
3987
3988
3989
3990
3991
3992
3993
3994
3995
3996
3997
3998
3999
4000
4001
4002
4003
4004
4005
4006
4007
4008
4009
4010
4011
4012
4013
4014
4015
4016
4017
4018
4019
4020
4021
4022
4023
4024
4025
4027
4028
4029
4030
4031
4032
4033
4034
4035
4036
4037
4038
4039
4040
4041
4042
4043
4044
4045
4046
4047
4048
4049
4050
4051
4052
4053
4054
4055
4056
4057
4058
4059
4060
4061
4062
4063
4064
4065
4066
4067
4068
4069
4070
4071
4073
4074
4075
4076
4077
4078
4079
4080
4081
4082
4083
4084
4084
4085
4085
4085
4085
4085
4085
4086
4086
4086
4086
4086
4086
4087
4087
4087
4087
4087
4087
4088
4088
4088
4088
4088
4088
4089
4089
4089
4089
4089
4089
4090
4090
4090
4090
4090
4090
4091
4091
4091
4091
4091
4091
4091
4092
4092
4092
4092
4092
4092
4093
4093
4093
4093
4093
4093
4093
4094
4094
4094
4094
4094
4094
4095
4095
4095
4095
4095
4095
4096
4096
4097
4098
4100
4102
4103
4105
4106
4108
4109
4111
4112
4114
4115
4117
4118
4120
4121
4123
4125
4126
4128
4129
4131
4132
4134
4135
4137
4138
4140
4141
4143
4144
4146
4148
4149
4151
4152
4154
4155
4157
4158
4160
4161
4163
4164
4166
4167
4169
4171
4172
4174
4175
4177
4178
4180
4181
4183
4184
4186
4187
4189
4190
4192
4194
4195
4197
4198
4200
4201
4203
4204
4206
4207
4209
4210
4212
4213
4215
4217
4218
4220
4221
4223
4224
4226
4227
4229
4230
4232
4233
4235
4236
4238
4240
4241
4243
4244
4246
4247
4249
4250
4252
4253
4255
4256
4258
4259
4261
4263
4264
4266
4267
4269
4270
4272
4273
4275
4276
4278
4279
4281
4282
4284
4286
4287
4289
4290
4292
4293
4295
4296
4298
4299
4301
4302
4304
4305
4307
4308
4310
4312
4313
4315
4316
4318
4319
4321
4322
4324
4325
4327
4328
4330
4332
4333
4335
4336
4338
4339
4341
4342
4344
4345
4347
4348
4350
4351
4353
4354
4356
4358
4359
4361
4362
4364
4365
4367
4368
4370
4371
4373
4374
4376
4377
4379
4381
4382
4384
4385
4387
4388
4390
4391
4393
4394
4396
4397
4399
4400
4402
4404
4405
4407
4408
4410
4411
4413
4414
4416
4417
4419
4420
4422
4423
4425
4426
4428
4430
4431
4433
4434
4436
4437
4439
4440
4442
4443
4445
4446
4448
4449
4451
4453
4454
4456
4457
4459
4460
4462
4463
4465
4466
4468
4469
4471
4472
4474
4476
4477
4479
4480
4482
4483
4485
4486
4488
4489
4491
4492
4494
4495
4497
4499
4500
4502
4503
4505
4506
4508
4509
4511
4512
4514
4515
4517
4518
4520
4522
4523
4525
4526
4528
4529
4531
4532
4534
4535
4537
4538
4540
4541
4543
4545
4546
4548
4549
4551
4552
4554
4555
4557
4558
4560
4561
4563
4564
4566
4568
4569
4571
4572
4574
4575
4577
4578
4580
4581
4583
4584
4586
4587
4589
4591
4592
4594
4595
4597
4598
4600
4601
4603
4604
4606
4607
4609
4610
4612
4614
4615
4617
4618
4620
4621
4623
4624
4626
4627
4629
4630
4632
4633
4635
4636
4638
4640
4641
4643
4644
4646
4647
4649
4650
4652
4653
4655
4656
4658
4659
4661
4663
4664
4666
4667
4669
4670
4672
4673
4675
4676
4678
4679
4681
4683
4684
4686
4687
4689
4690
4692
4693
4695
4696
4698
4699
4701
4702
4704
4706
4707
4709
4710
4712
4713
4715
4716
4718
4719
4721
4722
4724
4725
4727
4728
4730
4732
4733
4735
4736
4738
4739
4741
4742
4744
4745
4747
4748
4750
4751
4753
4755
4756
4758
4759
4761
4762
4764
4765
4767
4768
4770
4771
4773
4774
4776
4778
4779
4781
4782
4784
4785
4787
4788
4790
4791
4793
4794
4796
4797
4799
4801
4802
4804
4805
4807
4808
4810
4811
4813
4814
4816
4817
4819
4820
4822
4824
4825
4827
4828
4830
4831
4833
4834
4836
4837
4839
4840
4842
4843
4845
4847
4848
4850
4851
4853
4854
4856
4857
4859
4860
4862
4863
4865
4866
4868
4869
4871
4873
4874
4876
4877
4879
4880
4882
4883
4885
4886
4888
4889
4891
4892
4894
4896
4897
4899
4900
4902
4903
4905
4906
4908
4909
4911
4912
4914
4915
4917
4919
4920
4922
4923
4925
4926
4928
4929
4931
4932
4934
4935
4937
4938
4940
4942
4943
4945
4946
4948
4949
4951
4952
4954
4955
4957
4958
4960
4961
4963
4965
4966
4968
4969
4971
4972
4974
4975
4977
4978
4980
4981
4983
4984
4986
4988
4989
4991
4992
4994
4995
4997
4998
5000
5001
5003
5004
5006
5007
5009
5011
5012
5014
5015
5017
5018
5020
5021
5023
5024
5026
5027
5029
5030
5032
5034
5035
5037
5038
5040
5041
5043
5044
5046
5047
5049
5050
5052
5053
5055
5057
5058
5060
5061
5063
5064
5066
5067
5069
5070
5072
5073
5075
5076
5078
5079
5081
5083
5084
5086
5087
5089
5090
5092
5093
5095
5096
5098
5099
5101
5102
5104
5106
5107
5109
5110
5112
5113
5115
5116
5119
5119
5119
5119
5119
5120
5120
5120
5120
5120
5120
5121
5121
5121
5121
5121
5122
5122
5122
5122
5122
5123
5123
5123
5123
5123
5124
5124
5124
5124
5124
5125
5125
5125
5125
5125
5125
5126
5126
5126
5126
5126
5127
5127
5127
5127
5127
5128
5128
5128
5128
5128
5129
5129
5129
5129
5129
5129
5130
5130
5130
5130
5130
5131
5131
5131
5131
5131
5131
5132
5132
5132
5132
5132
5133
5133
5133
5133
5133
5134
5134
5134
5134
5134
5135
5135
5135
5135
5135
5135
5136
5136
5136
5136
5136
5137
5137
5137
5137
5137
5138
5138
5138
5138
5138
5138
5139
5139
5139
5139
5139
5140
5140
5140
5140
5140
5140
5141
5141
5141
5141
5141
5141
5142
5142
5142
5142
5142
5142
5143
5143
5143
5143
5143
5143
5144
5144
5144
5144
5144
5144
5145
5145
5145
5145
5146
5148
5149
5151
5153
5154
5156
5157
5159
5160
5162
5163
5165
5166
5168
5169
5171
5172
5174
5176
5177
5179
5180
5182
5183
5185
5186
5188
5189
5191
5192
5194
5195
5197
5199
5200
5202
5203
5205
5206
5208
5209
5211
5212
5214
5215
5217
5218
5220
5222
5223
5225
5226
5228
5229
5231
5232
5234
5235
5237
5238
5240
5241
5243
5245
5246
5248
5249
5251
5252
5254
5255
5257
5258
5260
5261
5263
5264
5266
5267
5269
5271
5272
5274
5275
5277
5278
5280
5281
5283
5284
5286
5287
5289
5291
5292
5294
5295
5297
5298
5300
5301
5303
5304
5306
5307
5309
5310
5312
5313
5315
5317
5318
5320
5321
5323
5324
5326
5327
5329
5330
5332
5333
5335
5336
5338
5340
5341
5343
5344
5346
5347
5349
5350
5352
5353
5355
5356
5358
5359
5361
5363
5364
5366
5367
5369
5370
5372
5373
5375
5376
5378
5379
5381
5382
5384
5386
5387
5389
5390
5392
5393
5395
5396
5398
5399
5401
5402
5404
5405
5407
5409
5410
5412
5413
5415
5416
5418
5419
5421
5422
5424
5425
5427
5428
5430
5431
5433
5435
5436
5438
5439
5441
5442
5444
5445
5447
5448
5450
5451
5453
5454
5456
5458
5459
5461
5462
5464
5465
5467
5468
5470
5471
5473
5474
5476
5477
5479
5481
5482
5484
5485
5487
5488
5490
5491
5493
5494
5496
5497
5499
5500
5502
5504
5505
5507
5508
5510
5511
5513
5514
5516
5517
5519
5520
5522
5523
5525
5527
5528
5530
5531
5533
5534
5536
5537
5539
5540
5542
5543
5545
5546
5548
5550
5551
5553
5554
5556
5557
5559
5560
5562
5563
5565
5566
5568
5569
5571
5573
5574
5576
5577
5579
5580
5582
5583
5585
5586
5588
5589
5591
5592
5594
5596
5597
5599
5600
5602
5603
5605
5606
5608
5609
5611
5612
5614
5615
5617
5619
5620
5622
5623
5625
5626
5628
5629
5631
5632
5634
5635
5637
5638
5640
5641
5643
5645
5646
5648
5649
5651
5652
5654
5655
5657
5658
5660
5661
5663
5664
5666
5668
5669
5671
5672
5674
5675
5677
5678
5680
5681
5683
5684
5686
5688
5689
5691
5692
5694
5695
5697
5698
5700
5701
5703
5704
5706
5707
5709
5710
5712
5714
5715
5717
5718
5720
5721
5723
5724
5726
5727
5729
5730
5732
5733
5735
5737
5738
5740
5741
5743
5744
5746
5747
5749
5750
5752
5753
5755
5756
5758
5760
5761
5763
5764
5766
5767
5769
5770
5772
5773
5775
5776
5778
5779
5781
5783
5784
5786
5787
5789
5790
5792
5793
5795
5796
5798
5799
5801
5802
5804
5806
5807
5809
5810
5812
5813
5815
5816
5818
5819
5821
5822
5824
5825
5827
5829
5830
5832
5833
5835
5836
5838
5839
5841
5842
5844
5845
5847
5848
5850
5851
5853
5855
5856
5858
5859
5861
5862
5864
5865
5867
5868
5870
5871
5873
5874
5876
5878
5879
5881
5882
5884
5885
5887
5888
5890
5891
5893
5894
5896
5897
5899
5901
5902
5904
5905
5907
5908
5910
5911
5913
5914
5916
5917
5919
5920
5922
5924
5925
5927
5928
5930
5931
5933
5934
5936
5937
5939
5940
5942
5943
5945
5947
5948
5950
5951
5953
5954
5956
5957
5959
5960
5962
5963
5965
5966
5968
5970
5971
5973
5974
5976
5977
5979
5980
5982
5983
5985
5986
5988
5989
5991
5993
5994
5996
5997
5999
6000
6002
6003
6005
6006
6008
6009
6011
6012
6014
6016
6017
6019
6020
6022
6023
6025
6026
6028
6029
6031
6032
6034
6035
6037
6038
6040
6042
6043
6045
6046
6048
6049
6051
6052
6054
6055
6057
6058
6060
6061
6063
6065
6066
6068
6069
6071
6072
6074
6075
6077
6078
6080
6081
6083
6084
6086
6088
6089
6091
6092
6094
6095
6097
6098
6100
6101
6103
6104
6106
6107
6109
6111
6112
6114
6115
6117
6118
6120
6121
6123
6124
6126
6127
6129
6130
6132
6134
6135
6137
6138
6140
6141
6143
6144
6146
6147
6149
6150
6152
6154
6154
6154
6154
6155
6155
6155
6155
6155
6155
6155
6156
6156
6156
6156
6156
6156
6157
6157
6157
6157
6157
6157
6157
6158
6158
6158
6158
6158
6158
6159
6159
6159
6159
6159
6159
6159
6160
6160
6160
6160
6160
6161
6161
6161
6161
6161
6161
6162
6162
6162
6162
6162
6162
6163
6163
6163
6164
6166
6167
6169
6170
6172
6173
6175
6176
6178
6179
6181
6182
6184
6186
6187
6189
6190
6192
6193
6195
6196
6198
6199
6201
6202
6204
6205
6207
6209
6210
6212
6213
6215
6216
6218
6219
6221
6222
6224
6225
6227
6228
6230
6232
6233
6235
6236
6238
6239
6241
6242
6244
6245
6247
6248
6250
6251
6253
6255
6256
6258
6259
6261
6262
6264
6265
6267
6268
6270
6271
6273
6274
6276
6278
6279
6281
6282
6284
6285
6287
6288
6290
6291
6293
6294
6296
6297
6299
6301
6302
6304
6305
6307
6308
6310
6311
6313
6314
6316
6317
6319
6320
6322
6324
6325
6327
6328
6330
6331
6333
6334
6336
6337
6339
6340
6342
6343
6345
6347
6348
6350
6351
6353
6354
6356
6357
6359
6360
6362
6363
6365
6366
6368
6369
6371
6373
6374
6376
6377
6379
6380
6382
6383
6385
6386
6388
6389
6391
6392
6394
6396
6397
6399
6400
6402
6403
6405
6406
6408
6409
6411
6412
6414
6415
6417
6419
6420
6422
6423
6425
6426
6428
6429
6431
6432
6434
6435
6437
6438
6440
6442
6443
6445
6446
6448
6449
6451
6452
6454
6455
6457
6458
6460
6461
6463
6465
6466
6468
6469
6471
6472
6474
6475
6477
6478
6480
6481
6483
6484
6486
6488
6489
6491
6492
6494
6495
6497
6498
6500
6501
6503
6504
6506
6507
6509
6511
6512
6514
6515
6517
6518
6520
6521
6523
6524
6526
6527
6529
6530
6532
6534
6535
6537
6538
6540
6541
6543
6544
6546
6547
6549
6550
6552
6553
6555
6557
6558
6560
6561
6563
6564
6566
6567
6569
6570
6572
6573
6575
6576
6578
6579
6581
6583
6584
6586
6587
6589
6590
6592
6593
6595
6596
6598
6599
6601
6602
6604
6606
6607
6609
6610
6612
6613
6615
6616
6618
6619
6621
6622
6624
6625
6627
6629
6630
6632
6633
6635
6636
6638
6639
6641
6642
6644
6645
6647
6648
6650
6652
6653
6655
6656
6658
6659
6661
6662
6664
6665
6667
6668
6670
6671
6673
6675
6676
6678
6679
6681
6682
6684
6685
6687
6688
6690
6691
6693
6694
6696
6698
6699
6701
6702
6704
6705
6707
6708
6710
6711
6713
6714
6716
6717
6719
6721
6722
6724
6725
6727
6728
6730
6731
6733
6734
6736
6737
6739
6740
6742
6743
6745
6747
6748
6750
6751
6753
6754
6756
6757
6759
6760
6762
6763
6765
6766
6768
6770
6771
6773
6774
6776
6777
6779
6780
6782
6783
6785
6786
6788
6790
6791
6793
6794
6796
6797
6799
6800
6802
6803
6805
6806
6808
6809
6811
6812
6814
6816
6817
6819
6820
6822
6823
6825
6826
6828
6829
6831
6832
6834
6835
6837
6839
6840
6842
6843
6845
6846
6848
6849
6851
6852
6854
6855
6857
6858
6860
6862
6863
6865
6866
6868
6869
6871
6872
6874
6875
6877
6878
6880
6881
6883
6885
6886
6888
6889
6891
6892
6894
6895
6897
6898
6900
6901
6903
6904
6906
6908
6909
6911
6912
6914
6915
6917
6918
6920
6921
6923
6924
6926
6927
6929
6931
6932
6934
6935
6937
6938
6940
6941
6943
6944
6946
6947
6949
6950
6952
6953
6955
6957
6958
6960
6961
6963
6964
6966
6967
6969
6970
6972
6973
6975
6977
6978
6980
6981
6983
6984
6986
6987
6989
6990
6992
6993
6995
6996
6998
6999
7001
7003
7004
7006
7007
7009
7010
7012
7013
7015
7016
7018
7019
7021
7022
7024
7026
7027
7029
7030
7032
7033
7035
7036
7038
7039
7041
7042
7044
7045
7047
7049
7050
7052
7053
7055
7056
7058
7059
7061
7062
7064
7065
7067
7068
7070
7072
7073
7075
7076
7078
7079
7081
7082
7084
7085
7087
7088
7090
7091
7093
7095
7096
7098
7099
7101
7102
7104
7105
7107
7108
7110
7111
7113
7114
7116
7118
7119
7121
7122
7124
7125
7127
7128
7130
7131
7133
7134
7136
7137
7139
7141
7142
7144
7145
7147
7148
7150
7151
7153
7154
7156
7157
7159
7160
7162
7164
7165
7167
7168
7170
7171
7173
7174
7174
7174
7174
7174
7174
7174
7175
7175
7175
7175
7175
7175
7176
7176
7176
7176
7176
7176
7177
7177
7177
7177
7177
7177
7178
7178
7178
7178
7178
7178
7179
7179
7179
7179
7179
7179
7180
7180
7180
7180
7180
7181
7181
7181
7181
7181
7181
7182
7182
7182
7182
7182
7182
7183
7183
7183
7183
7183
7183
7184
7184
7184
7184
7184
7184
7184
7185
7185
7185
7185
7185
7185
7186
7186
7186
7186
7186
7186
7187
7187
7187
7187
7187
7187
7188
7188
7188
7188
7189
7191
7192
7194
7195
7197
7199
7200
7202
7203
7205
7206
7208
7209
7211
7212
7214
7215
7217
7218
7220
7222
7223
7225
7226
7228
7229
7231
7232
7234
7235
7237
7238
7240
7241
7243
7245
7246
7248
7249
7251
7252
7254
7255
7257
7258
7260
7261
7263
7264
7266
7268
7269
7271
7272
7274
7275
7277
7278
7280
7281
7283
7284
7286
7287
7289
7291
7292
7294
7295
7297
7298
7300
7301
7303
7304
7306
7307
7309
7310
7312
7314
7315
7317
7318
7320
7321
7323
7324
7326
7327
7329
7330
7332
7333
7335
7337
7338
7340
7341
7343
7344
7346
7347
7349
7350
7352
7353
7355
7356
7358
7359
7361
7363
7364
7366
7367
7369
7370
7372
7373
7375
7376
7378
7379
7381
7382
7384
7386
7387
7389
7390
7392
7393
7395
7396
7398
7399
7401
7402
7404
7405
7407
7409
7410
7412
7413
7415
7416
7418
7419
7421
7422
7424
7425
7427
7428
7430
7432
7433
7435
7436
7438
7439
7441
7442
7444
7445
7447
7448
7450
7451
7453
7455
7456
7458
7459
7461
7462
7464
7465
7467
7468
7470
7471
7473
7474
7476
7478
7479
7481
7482
7484
7485
7487
7488
7490
7491
7493
7494
7496
7497
7499
7501
7502
7504
7505
7507
7508
7510
7511
7513
7514
7516
7517
7519
7520
7522
7524
7525
7527
7528
7530
7531
7533
7534
7536
7537
7539
7540
7542
7543
7545
7546
7548
7550
7551
7553
7554
7556
7557
7559
7560
7562
7563
7565
7566
7568
7570
7571
7573
7574
7576
7577
7579
7580
7582
7583
7585
7586
7588
7589
7591
7592
7594
7596
7597
7599
7600
7602
7603
7605
7606
7608
7609
7611
7612
7614
7615
7617
7619
7620
7622
7623
7625
7626
7628
7629
7631
7632
7634
7635
7637
7638
7640
7642
7643
7645
7646
7648
7649
7651
7652
7654
7655
7657
7658
7660
7661
7663
7665
7666
7668
7669
7671
7672
7674
7675
7677
7678
7680
7681
7683
7684
7686
7688
7689
7691
7692
7694
7695
7697
7698
7700
7701
7703
7704
7706
7707
7709
7711
7712
7714
7715
7717
7718
7720
7721
7723
7724
7726
7727
7729
7730
7732
7734
7735
7737
7738
7740
7741
7743
7744
7746
7747
7749
7750
7752
7753
7755
7757
7758
7760
7761
7763
7764
7766
7767
7769
7770
7772
7773
7775
7776
7778
7780
7781
7783
7784
7786
7787
7789
7790
7792
7793
7795
7796
7798
7799
7801
7802
7804
7806
7807
7809
7810
7812
7813
7815
7816
7818
7819
7821
7822
7824
7825
7827
7829
7830
7832
7833
7835
7836
7838
7839
7841
7842
7844
7845
7847
7848
7850
7852
7853
7855
7856
7858
7859
7861
7862
7864
7865
7867
7868
7870
7871
7873
7875
7876
7878
7879
7881
7882
7884
7885
7887
7888
7890
7891
7893
7894
7896
7898
7899
7901
7902
7904
7905
7907
7908
7910
7911
7913
7914
7916
7917
7919
7921
7922
7924
7925
7927
7928
7930
7931
7933
7934
7936
7937
7939
7940
7942
7943
7945
7947
7948
7950
7951
7953
7954
7956
7957
7959
7960
7962
7963
7965
7966
7968
7970
7971
7973
7974
7976
7977
7979
7980
7982
7983
7985
7986
7988
7989
7991
7993
7994
7996
7997
7999
8000
8002
8003
8005
8006
8008
8009
8011
8012
8014
8016
8017
8019
8020
8022
8023
8025
8026
8028
8029
8031
8032
8034
8035
8037
8039
8040
8042
8043
8045
8046
8048
8049
8051
8052
8054
8055
8057
8058
8060
8062
8063
8065
8066
8068
8069
8071
8072
8074
8075
8077
8078
8080
8081
8083
8085
8086
8088
8089
8091
8092
8094
8095
8097
8098
8100
8101
8103
8104
8106
8108
8109
8111
8112
8114
8115
8117
8118
8120
8121
8123
8124
8126
8127
8129
8130
8132
8134
8135
8137
8138
8140
8141
8143
8144
8146
8147
8149
8150
8152
8153
8155
8157
8158
8160
8161
8163
8164
8166
8167
8169
8170
8172
8173
8175
8177
8178
8180
8181
8183
8184
8186
8187
8189
8190
8192
8193
8195
9013
9013
9015
9016
9018
9019
9021
9022
9024
9025
9027
9029
9030
9032
9033
9035
9036
9038
9039
9041
9042
9044
9045
9047
9049
9050
9052
9053
9055
9056
9058
9059
9061
9062
9064
9065
9067
9068
9070
9071
9073
9075
9076
9078
9079
9081
9082
9084
9085
9087
9088
9090
9091
9093
9094
9096
9098
9099
9101
9102
9104
9105
9107
9108
9110
9111
9113
9114
9116
9117
9119
9121
9122
9124
9125
9127
9128
9130
9131
9133
9134
9136
9137
9139
9140
9142
9144
9145
9147
9148
9150
9151
9153
9154
9156
9157
9159
9160
9162
9163
9165
9167
9168
9170
9171
9173
9174
9176
9177
9179
9180
9182
9183
9185
9186
9188
9190
9191
9193
9194
9196
9197
9199
9200
9202
9203
9205
9206
9208
9209
9211
9213
9214
9216
9217
9219
9220
9222
9223
9225
9225
9225
9226
9226
9226
9226
9226
9226
9227
9227
9227
9227
9227
9228
9228
9228
9228
9228
9228
9229
9229
9229
9229
9229
9229
9230
9230
9230
9230
9230
9231
9231
9231
9231
9231
9231
9232
9232
9232
9232
9232
9232
9233
9233
9233
9233
9233
9233
9234
9234
9234
9234
9234
9234
9235
9235
9235
9235
9235
9235
9236
9236
9236
9236
9236
9237
9237
9237
9237
9237
9237
9238
9238
9238
9238
9238
9238
9239
9239
9239
9239
9239
9239
9240
9240
9240
9240
9240
9240
9242
9244
9246
9248
9250
9252
9254
9256
9258
9260
9262
9264
9266
9268
9270
9272
9274
9276
9278
9280
9282
9284
9286
9288
9290
9292
9294
9296
9298
9300
9302
9304
9306
9308
9310
9312
9314
9316
9318
9320
9322
9324
9326
9328
9330
9332
9334
9336
9338
9340
9342
9344
9346
9348
9350
9352
9354
9356
9358
9360
9362
9364
9366
9368
9370
9372
9374
9376
9378
9380
9382
9384
9386
9388
9390
9392
9394
9396
9398
9400
9402
9404
9406
9408
9410
9412
9414
9416
9418
9420
9422
9424
9426
9428
9430
9432
9434
9436
9438
9440
9442
9444
9446
9449
9450
9453
9455
9457
9459
9461
9463
9465
9467
9469
9471
9473
9475
9477
9479
9481
9483
9485
9487
9489
9491
9493
9495
9497
9499
9501
9503
9505
9507
9509
9511
9513
9515
9517
9519
9521
9523
9525
9527
9529
9531
9533
9535
9537
9539
9541
9543
9545
9547
9549
9551
9553
9555
9557
9559
9561
9563
9565
9567
9569
9571
9573
9575
9577
9579
9581
9583
9585
9587
9589
9591
9593
9595
9597
9599
9601
9603
9605
9607
9609
9611
9613
9615
9617
9619
9621
9623
9625
9627
9629
9631
9633
9635
9637
9639
9641
9643
9645
9647
9649
9651
9653
9655
9657
9659
9661
9663
9665
9667
9669
9671
9673
9675
9677
9679
9681
9683
9685
9687
9689
9691
9693
9695
9697
9699
9701
9703
9705
9707
9709
9711
9713
9715
9717
9719
9721
9723
9725
9727
9729
9731
9733
9735
9737
9739
9741
9743
9745
9747
9749
9751
9753
9755
9757
9759
9761
9763
9765
9767
9769
9771
9773
9775
9777
9779
9781
9783
9785
9787
9789
9791
9793
9795
9797
9799
9801
9803
9805
9807
9809
9811
9813
9815
9817
9819
9821
9823
9825
9827
9829
9831
9833
9835
9837
9839
9841
9843
9845
9847
9849
9851
9853
9855
9857
9859
9861
9863
9865
9867
9869
9871
9873
9875
9877
9879
9881
9883
9885
9887
9889
9891
9893
9895
9897
9899
9901
9903
9905
9907
9909
9911
9913
9915
9917
9919
9921
9923
9926
9927
9929
9931
9933
9935
9937
9939
9941
9943
9945
9947
9950
9952
9954
9956
9958
9960
9962
9964
9966
9968
9970
9972
9974
9976
9978
9980
9982
9984
9986
9988
9990
9992
9994
9996
9998
10000
10002
10004
10006
10008
10010
10012
10014
10016
10018
10020
10022
10024
1