0
1
1
2
2
3
3
4
4
4
5
6
6
7
7
7
8
8
8
8
223
223
223
223
223
225
225
234
234
234
234
235
236
236
236
236
236
236
240
240
240
240
240
240
240
245
245
245
249
249
249
249
249
253
253
253
259
259
259
259
270
271
284
284
284
284
288
288
291
291
291
291
291
294
294
294
294
295
295
295
295
295
295
295
296
296
296
296
296
296
296
296
305
305
305
305
305
305
305
306
319
319
319
319
320
320
320
320
320
320
320
320
325
325
329
329
329
330
330
330
330
330
330
330
331
331
331
331
331
331
331
335
335
335
335
335
335
335
338
338
341
341
341
342
345
345
345
345
346
346
348
348
349
349
350
350
351
351
353
353
353
353
354
354
354
355
355
356
357
357
357
358
358
359
359
361
361
362
362
363
363
364
372
372
373
373
373
373
373
373
373
374
374
374
374
374
382
382
382
382
385
385
385
385
391
391
391
391
391
393
393
393
393
393
394
394
394
394
394
394
400
400
400
400
400
400
400
400
401
407
407
407
410
410
411
411
412
412
412
412
412
412
412
413
413
414
416
416
416
417
418
420
420
422
423
424
425
425
426
426
427
427
428
428
429
429
430
430
431
432
432
433
433
435
435
438
438
439
439
441
441
442
442
443
443
444
444
446
447
447
448
448
449
449
450
450
451
451
453
453
454
462
462
463
463
464
464
465
465
465
465
465
465
465
465
465
466
466
466
467
467
468
468
469
469
470
470
471
471
472
472
473
473
474
474
474
484
484
484
484
484
484
488
488
489
489
489
489
489
489
489
489
490
490
490
490
490
495
495
496
496
496
496
496
496
496
496
497
497
497
497
497
497
497
497
497
498
498
498
498
498
498
498
498
498
499
499
501
501
501
501
503
503
503
503
503
504
504
504
505
505
506
506
507
507
509
509
509
509
509
511
511
511
511
511
512
512
513
513
514
514
514
515
515
517
517
528
528
528
528
528
529
529
529
529
529
529
529
529
529
530
530
533
533
534
534
534
534
534
534
538
539
539
541
543
543
543
543
543
543
543
544
544
549
549
549
562
562
563
563
573
575
575
575
575
576
577
577
578
578
578
579
580
580
580
581
582
582
582
583
583
584
584
585
585
587
587
588
588
588
589
589
591
591
592
592
592
593
593
595
595
595
595
595
596
596
597
597
598
598
599
599
599
600
600
601
601
603
603
603
603
603
604
604
605
605
605
606
607
607
607
608
608
609
609
610
610
610
611
611
612
620
621
621
621
621
621
622
622
622
622
622
622
622
622
623
623
623
623
623
623
623
623
623
624
624
627
627
628
628
628
628
628
628
628
628
628
629
629
630
630
630
631
631
634
634
634
634
634
636
636
637
637
638
638
639
639
640
640
640
642
642
643
643
643
643
644
644
645
645
646
646
647
647
648
648
649
650
650
650
650
652
652
653
653
654
654
654
655
655
656
656
657
658
658
658
659
659
660
660
661
661
662
662
662
663
663
665
665
665
665
674
674
674
675
677
677
677
678
678
679
679
679
679
681
681
681
681
681
683
683
683
683
684
684
684
684
684
684
684
684
685
685
685
693
693
693
693
693
694
694
699
699
699
699
699
699
700
700
700
702
702
703
703
703
703
703
703
703
704
704
705
714
714
714
715
715
715
715
715
715
716
716
716
716
716
716
716
716
716
716
716
717
717
717
717
717
717
717
718
718
722
722
722
722
722
723
723
738
739
739
739
740
740
741
741
742
742
742
743
743
743
744
744
745
745
746
746
747
747
747
748
748
749
749
749
750
750
751
751
753
753
753
754
754
754
755
755
765
765
766
766
766
766
766
766
766
767
767
767
767
767
767
767
767
767
768
768
768
768
768
768
768
768
768
769
769
769
769
769
769
770
770
780
780
780
781
781
781
781
781
781
781
781
782
782
782
782
782
782
782
782
783
783
783
783
783
783
783
783
783
785
785
787
787
787
787
787
788
788
790
790
790
790
790
800
801
801
802
802
802
802
802
802
802
802
802
802
803
803
803
803
803
803
803
803
803
803
804
804
804
804
804
806
806
806
806
806
808
808
808
808
808
809
809
811
811
812
812
812
814
814
814
814
814
824
824
824
824
824
825
825
826
826
826
826
826
826
830
830
830
830
830
830
833
833
833
834
834
834
834
834
834
834
834
834
834
835
835
835
835
835
835
835
835
837
837
837
837
839
839
840
840
840
841
841
842
842
843
843
844
844
844
845
845
846
847
847
848
848
848
849
849
850
850
851
851
852
852
853
853
854
854
855
855
856
856
857
870
870
871
871
871
871
871
871
871
871
871
872
872
872
873
873
873
873
873
873
874
874
874
874
874
874
874
874
874
875
875
875
875
875
875
877
877
877
877
879
879
880
880
880
889
889
890
890
890
890
890
890
891
891
891
891
891
891
891
891
891
892
892
892
892
892
892
892
892
894
894
894
894
895
895
896
896
897
897
898
898
898
902
902
902
902
903
903
904
904
904
914
914
915
915
915
915
915
915
915
915
915
916
916
916
916
916
916
916
916
916
916
918
918
919
919
920
920
920
921
923
923
924
924
924
932
933
933
933
933
933
933
934
934
934
934
934
934
934
934
934
935
935
935
936
936
937
937
939
939
939
939
939
940
940
940
944
944
944
944
945
945
945
945
945
945
955
955
956
956
956
956
956
956
956
956
956
957
957
957
957
957
957
957
957
957
958
958
958
960
960
960
962
962
962
962
964
964
964
964
964
966
968
968
968
969
969
969
970
970
970
970
971
972
972
973
973
975
975
975
976
976
977
978
979
979
980
980
980
981
981
982
982
983
983
983
985
985
986
987
987
988
988
988
990
991
991
991
992
992
993
993
993
994
994
995
1005
1005
1005
1006
1007
1007
1009
1009
1010
1010
1010
1010
1012
1012
1012
1015
1015
1015
1015
1016
1016
1016
1016
1016
1016
1016
1016
1016
1016
1017
1017
1017
1018
1018
1019
1019
1020
1020
1023
1023
1023
1024
1025
1025
1025
1026
1027
1028
1038
1038
1039
1039
1039
1039
1039
1040
1040
1040
1040
1040
1041
1041
1041
1041
1041
1042
1042
1042
1042
1043
1043
1044
1044
1045
1045
1049
1049
1049
1049
1049
1049
1049
1050
1050
1053
1053
1053
1053
1054
1054
1054
1054
1055
1056
1056
1057
1057
1060
1060
1060
1060
1060
1061
1061
1062
1062
1063
1063
1063
1064
1064
1065
1065
1065
1066
1067
1067
1071
1071
1071
1071
1071
1071
1072
1072
1073
1073
1073
1074
1074
1075
1075
1076
1076
1077
1077
1079
1079
1080
1080
1081
1081
1083
1083
1084
1084
1085
1085
1093
1093
1093
1095
1096
1096
1098
1099
1099
1099
1099
1099
1099
1099
1100
1100
1100
1100
1100
1105
1105
1105
1105
1106
1107
1107
1107
1107
1107
1107
1107
1107
1107
1116
1116
1116
1116
1116
1116
1116
1118
1121
1122
1122
1122
1122
1122
1122
1123
1123
1124
1124
1124
1124
1124
1124
1125
1125
1125
1127
1127
1127
1127
1128
1128
1128
1128
1128
1128
1128
1128
1128
1129
1129
1129
1129
1129
1129
1129
1130
1130
1131
1131
1133
1133
1134
1145
1145
1145
1146
1146
1146
1146
1146
1146
1147
1147
1147
1147
1147
1147
1147
1147
1147
1148
1152
1152
1152
1152
1153
1153
1153
1153
1153
1154
1154
1155
1155
1155
1156
1156
1157
1157
1158
1158
1159
1159
1161
1161
1162
1162
1162
1163
1168
1169
1169
1169
1169
1169
1169
1169
1169
1169
1170
1170
1170
1171
1171
1173
1175
1175
1175
1175
1175
1176
1176
1176
1176
1176
1176
1177
1177
1178
1178
1178
1179
1179
1180
1180
1180
1182
1182
1183
1183
1183
1184
1184
1185
1185
1186
1186
1187
1187
1187
1195
1195
1195
1195
1195
1195
1195
1196
1196
1204
1204
1204
1204
1204
1204
1204
1205
1205
1205
1205
1205
1208
1208
1208
1209
1209
1209
1210
1210
1210
1212
1213
1213
1213
1213
1213
1214
1214
1214
1214
1214
1214
1215
1215
1215
1215
1215
1215
1215
1215
1215
1218
1218
1219
1219
1219
1219
1219
1219
1221
1221
1222
1223
1223
1223
1224
1224
1224
1224
1234
1235
1235
1235
1235
1235
1235
1236
1236
1236
1236
1236
1236
1236
1236
1236
1236
1237
1237
1237
1237
1237
1238
1238
1238
1239
1239
1240
1240
1240
1246
1246
1247
1247
1247
1247
1247
1247
1247
1247
1248
1248
1248
1248
1248
1248
1248
1248
1249
1249
1249
1251
1251
1251
1251
1251
1252
1252
1253
1262
1263
1263
1263
1263
1263
1263
1264
1264
1264
1264
1264
1264
1264
1264
1265
1265
1265
1265
1265
1265
1265
1265
1265
1266
1266
1266
1266
1268
1270
1270
1270
1270
1270
1270
1271
1271
1271
1271
1271
1271
1274
1274
1278
1278
1278
1279
1279
1279
1280
1280
1280
1280
1280
1288
1289
1289
1289
1289
1289
1290
1290
1290
1290
1290
1290
1290
1290
1290
1291
1291
1291
1291
1291
1291
1291
1291
1292
1292
1292
1292
1292
1293
1293
1296
1296
1297
1297
1297
1297
1297
1297
1297
1297
1299
1299
1300
1300
1300
1301
1301
1302
1302
1302
1303
1304
1304
1306
1306
1306
1306
1307
1307
1308
1308
1308
1309
1309
1310
1310
1310
1311
1311
1312
1312
1313
1313
1313
1314
1314
1315
1315
1315
1316
1316
1317
1317
1318
1319
1319
1323
1323
1325
1325
1325
1326
1326
1327
1327
1328
1328
1331
1331
1331
1331
1331
1332
1332
1332
1333
1333
1334
1334
1334
1335
1335
1336
1336
1337
1337
1338
1338
1339
1339
1339
1340
1340
1341
1341
1343
1344
1344
1344
1344
1345
1346
1346
1347
1347
1348
1348
1348
1349
1349
1349
1350
1350
1350
1353
1353
1353
1354
1354
1354
1354
1354
1355
1355
1355
1356
1356
1357
1357
1357
1358
1358
1359
1359
1360
1361
1361
1361
1361
1362
1362
1362
1363
1363
1368
1368
1369
1369
1369
1369
1369
1369
1370
1370
1370
1370
1371
1372
1372
1373
1373
1374
1374
1375
1375
1376
1376
1377
1378
1378
1379
1379
1380
1380
1382
1382
1382
1385
1385
1385
1385
1394
1394
1394
1394
1394
1395
1395
1395
1395
1395
1402
1402
1403
1403
1403
1403
1403
1403
1403
1403
1408
1408
1408
1408
1408
1408
1408
1409
1412
1412
1412
1413
1413
1415
1418
1419
1419
1419
1419
1419
1419
1419
1419
1420
1420
1420
1420
1422
1422
1423
1424
1425
1425
1425
1425
1425
1426
1426
1427
1427
1431
1431
1431
1431
1432
1432
1432
1432
1440
1441
1441
1441
1441
1441
1442
1442
1442
1442
1442
1442
1442
1442
1442
1442
1443
1443
1443
1443
1443
1443
1446
1447
1447
1447
1448
1448
1449
1452
1452
1452
1452
1452
1452
1452
1452
1454
1454
1454
1454
1455
1455
1455
1455
1457
1458
1458
1460
1460
1460
1461
1461
1463
1463
1463
1464
1464
1464
1465
1465
1466
1467
1468
1468
1468
1468
1469
1470
1470
1471
1472
1472
1473
1473
1473
1474
1474
1474
1475
1475
1476
1476
1476
1477
1477
1478
1478
1478
1481
1481
1482
1482
1482
1483
1483
1483
1484
1485
1485
1485
1486
1486
1486
1486
1487
1487
1490
1491
1491
1491
1491
1492
1492
1492
1493
1493
1493
1495
1495
1495
1495
1496
1496
1496
1497
1497
1498
1498
1498
1499
1499
1499
1500
1500
1500
1502
1502
1503
1503
1503
1503
1504
1504
1505
1505
1505
1506
1506
1507
1507
1507
1513
1513
1514
1520
1520
1521
1521
1521
1521
1521
1521
1522
1522
1522
1522
1522
1522
1522
1523
1523
1523
1523
1523
1523
1523
1523
1523
1524
1524
1525
1525
1526
1526
1526
1536
1536
1536
1537
1537
1537
1538
1538
1538
1538
1544
1544
1544
1544
1545
1545
1545
1548
1548
1548
1548
1549
1549
1549
1549
1555
1556
1556
1557
1557
1557
1557
1557
1557
1557
1557
1558
1558
1558
1559
1559
1559
1561
1561
1575
1575
1575
1577
1577
1578
1578
1578
1579
1579
1579
1579
1579
1579
1589
1589
1590
1590
1591
1591
1592
1592
1593
1593
1593
1593
1593
1593
1593
1593
1593
1601
1602
1603
1603
1603
1603
1603
1603
1603
1603
1603
1604
1604
1604
1604
1604
1604
1604
1604
1604
1605
1605
1605
1605
1605
1605
1606
1606
1608
1608
1609
1609
1611
1615
1615
1615
1616
1616
1616
1616
1616
1616
1616
1616
1616
1617
1617
1617
1617
1618
1618
1619
1619
1619
1620
1621
1621
1626
1627
1627
1627
1627
1628
1628
1628
1628
1628
1628
1628
1628
1628
1629
1629
1629
1629
1632
1632
1633
1633
1633
1634
1634
1635
1635
1636
1636
1637
1637
1638
1638
1638
1639
1639
1640
1640
1640
1641
1641
1642
1642
1643
1643
1643
1644
1644
1645
1645
1645
1646
1646
1647
1647
1648
1648
1649
1649
1649
1649
1652
1652
1653
1654
1654
1654
1654
1655
1655
1655
1656
1656
1668
1668
1669
1669
1672
1672
1672
1672
1673
1673
1673
1674
1674
1674
1674
1674
1674
1674
1674
1674
1675
1675
1675
1675
1675
1675
1675
1675
1679
1679
1679
1679
1679
1679
1680
1680
1680
1680
1681
1681
1682
1682
1682
1685
1685
1703
1703
1703
1703
1703
1703
1703
1703
1703
1704
1704
1704
1704
1704
1704
1705
1705
1705
1709
1709
1709
1709
1719
1720
1720
1720
1721
1721
1721
1721
1721
1721
1721
1721
1721
1722
1722
1722
1722
1722
1722
1722
1722
1722
1723
1723
1723
1723
1723
1723
1723
1723
1723
1724
1724
1724
1724
1724
1724
1724
1725
1725
1726
1726
1726
1728
1732
1732
1733
1733
1733
1733
1733
1733
1733
1733
1733
1733
1734
1734
1734
1736
1736
1740
1740
1740
1740
1740
1740
1740
1740
1741
1741
1741
1741
1741
1741
1741
1741
1741
1742
1751
1755
1755
1755
1755
1755
1755
1756
1756
1756
1756
1756
1756
1756
1756
1756
1757
1757
1757
1757
1757
1757
1759
1759
1760
1760
1760
1760
1761
1764
1764
1764
1764
1764
1764
1764
1765
1765
1765
1771
1772
1772
1772
1773
1773
1773
1774
1774
1775
1775
1775
1776
1776
1796
1796
1796
1797
1797
1797
1798
1798
1798
1799
1799
1799
1799
1799
1799
1799
1799
1799
1799
1800
1800
1800
1800
1800
1800
1800
1800
1800
1800
1803
1809
1809
1809
1809
1809
1809
1810
1833
1836
1836
1860
1863
1863
1870
1870
1871
1878
1878
1878
1879
1879
1879
1879
1879
1879
1879
1879
1879
1880
1880
1880
1880
1880
1880
1880
1880
1880
1880
1881
1881
1881
1881
1882
1882
1882
1884
1884
1884
1884
1886
1886
1886
1886
1886
1887
1887
1893
1893
1893
1893
1893
1893
1894
1894
1894
1894
1894
1894
1894
1897
1897
1898
1898
1898
1899
1899
1900
1900
1900
1901
1901
1902
1902
1902
1903
1903
1904
1904
1904
1905
1905
1906
1906
1907
1907
1907
1909
1909
1909
1910
1910
1911
1911
1923
1923
1925
1925
1925
1926
1926
1926
1926
1926
1927
1932
1932
1932
1933
1933
1933
1933
1933
1933
1933
1933
1934
1934
1934
1934
1938
1938
1938
1938
1938
1939
1939
1939
1942
1946
1948
1948
1948
1949
1949
1950
1950
1950
1951
1951
1952
1952
1953
1953
1955
1955
1955
1955
1955
1956
1956
1958
1959
1960
1960
1960
1961
1961
1963
1963
1963
1964
1964
1965
1965
1966
1966
1967
1967
1967
1974
1974
1974
1974
1974
1975
1975
1975
1975
1975
1975
1975
1976
1976
1977
1977
1977
1978
1978
1979
1979
1979
1980
1980
1981
198
2155
2155
2156
2156
2156
2156
2156
2156
2157
2160
2161
2161
2161
2162
2162
2162
2165
2165
2165
2166
2166
2166
2166
2166
2166
2166
2169
2170
2170
2170
2170
2170
2170
2170
2170
2170
2171
2174
2174
2175
2175
2175
2178
2178
2179
2179
2179
2179
2179
2179
2180
2180
2180
2180
2180
2180
2185
2186
2186
2186
2186
2186
2187
2187
2187
2187
2187
2187
2187
2187
2188
2188
2188
2188
2188
2188
2188
2188
2188
2189
2189
2191
2191
2199
2199
2200
2200
2200
2200
2200
2200
2200
2200
2207
2207
2207
2207
2207
2208
2208
2217
2217
2218
2218
2218
2218
2218
2219
2219
2219
2219
2219
2219
2219
2221
2221
2221
2221
2221
2221
2222
2222
2222
2222
2222
2222
2222
2222
2222
2223
2223
2224
2224
2224
2225
2227
2227
2229
2229
2230
2231
2231
2232
2232
2233
2233
2234
2235
2235
2236
2236
2237
2238
2238
2239
2239
2242
2242
2243
2245
2245
2245
2246
2246
2247
2247
2247
2259
2259
2259
2260
2260
2260
2260
2260
2260
2260
2261
2261
2261
2261
2261
2261
2261
2261
2261
2261
2261
2262
2262
2262
2262
2271
2271
2271
2272
2272
2272
2272
2272
2272
2272
2272
2273
2273
2273
2273
2273
2273
2273
2273
2275
2275
2275
2277
2277
2277
2277
2278
2278
2278
2284
2284
2284
2284
2284
2284
2284
2284
2284
2285
2285
2285
2286
2286
2287
2287
2290
2290
2290
2290
2290
2290
2291
2291
2291
2291
2293
2293
2294
2294
2294
2295
2295
2296
2296
2297
2297
2299
2299
2299
2300
2300
2301
2301
2303
2303
2303
2303
2303
2304
2304
2304
2305
2305
2306
2306
2307
2307
2308
2308
2308
2310
2310
2310
2311
2311
2312
2312
2313
2313
2313
2314
2314
2315
2315
2315
2316
2316
2317
2319
2319
2319
2320
2320
2320
2326
2326
2326
2326
2326
2326
2326
2326
2327
2327
2327
2327
2328
2328
2330
2330
2331
2331
2331
2332
2332
2332
2333
2333
2334
2334
2334
2335
2335
2336
2336
2337
2337
2337
2338
2338
2339
2339
2340
2341
2341
2342
2342
2343
2343
2343
2344
2344
2345
2345
2346
2346
2346
2347
2347
2349
2349
2350
2350
2350
2351
2351
2353
2353
2354
2354
2355
2357
2357
2358
2358
2358
2360
2360
2361
2363
2363
2364
2364
2366
2366
2367
2367
2375
2375
2376
2376
2376
2376
2376
2376
2377
2378
2380
2380
2382
2382
2385
2385
2386
2386
2387
2387
2388
2395
2395
2395
2395
2395
2395
2396
2396
2397
2401
2402
2406
2408
2408
2409
2409
2409
2409
2409
2409
2410
2410
2410
2411
2411
2412
2412
2421
2421
2421
2421
2421
2421
2422
2423
2423
2424
2424
2424
2425
2425
2426
2427
2427
2428
2434
2434
2434
2434
2434
2434
2435
2435
2446
2446
2446
2446
2446
2446
2446
2446
2447
2447
2447
2447
2448
2448
2467
2467
2467
2468
2468
2468
2468
2468
2468
2468
2468
2468
2469
2469
2469
2469
2469
2469
2469
2469
2469
2469
2483
2483
2483
2483
2483
2483
2483
2483
2483
2484
2484
2484
2484
2484
2484
2484
2484
2484
2485
2486
2486
2487
2487
2488
2489
2489
2490
2490
2501
2503
2503
2503
2503
2503
2503
2504
2504
2504
2504
2504
2504
2504
2505
2505
2506
2506
2512
2513
2513
2513
2513
2514
2514
2514
2515
2515
2516
2519
2519
2521
2522
2522
2523
2523
2525
2525
2525
2525
2527
2533
2533
2533
2533
2535
2535
2536
2536
2537
2537
2538
2538
2539
2540
2