1.227000	2.000000	64
26.340000	3.000000	64
27.385000	4.000000	64
29.320000	5.000000	64
29.893000	6.000000	64
34.516998	7.000000	64
13.465000	8.000000	64
0.700000	9.000000	64
2.699000	10.000000	64
0.444000	11.000000	64
0.504000	12.000000	64
0.381000	13.000000	64
0.866000	14.000000	64
0.571000	15.000000	64
23.135000	16.000000	64
21.225000	17.000000	64
10.903000	18.000000	64
1.404000	19.000000	64
38.882000	20.000000	64
0.499000	1.000000	64
15.042000	2.000000	2
0.431000	2.500000	2
0.332000	2.900000	2
0.961000	3.244828	2
0.241000	3.553010	2
0.351000	3.834462	2
1.151000	4.095255	2
0.440000	4.339440	2
0.787000	4.569884	2
22.164000	4.788708	2
20.212999	4.997533	2
16.469999	5.197631	2
13.767000	5.390027	2
18.007999	5.575554	2
6.463000	5.754909	2
14.499000	5.928673	2
3.517000	6.097345	2
20.419001	6.261351	2
17.209999	6.421061	2
1.146000	6.576798	2
33.317001	6.728848	2
12.152000	6.877461	2
30.420000	7.022864	2
21.025999	7.165256	2
9.142000	7.304818	2
23.761999	7.441714	2
15.410000	7.576092	2
12.980000	7.708086	2
15.282000	7.837820	2
17.736000	7.965406	2
0.385000	8.090949	2
0.368000	8.214544	2
1.563000	8.336280	2
0.463000	8.456238	2
0.570000	8.574493	2
0.503000	8.691118	2
0.318000	8.806178	2
0.221000	8.919735	2
1.054000	9.031846	2
3.299000	9.142566	2
0.859000	9.251945	2
0.326000	9.360030	2
0.431000	9.466867	2
0.195000	9.572499	2
0.468000	9.676965	2
0.273000	9.780303	2
7.966000	9.882549	2
0.561000	9.983738	2
0.544000	10.083900	2
4.145000	10.183068	2
0.367000	10.281271	2
0.726000	10.378535	2
0.252000	10.474888	2
0.225000	10.570354	2
1.311000	10.664959	2
0.280000	10.758724	2
0.235000	10.851672	2
0.349000	10.943824	2
0.294000	11.035199	2
0.221000	11.125818	2
0.399000	11.215699	2
0.361000	11.304860	2
0.241000	11.393317	2
0.292000	11.481088	2
0.702000	11.568188	2
0.350000	11.654632	2
3.408000	11.740435	2
0.705000	11.825610	2
7.906000	11.910172	2
0.315000	11.994134	2
0.228000	12.077508	2
0.382000	12.160307	2
0.234000	12.242541	2
0.416000	12.324224	2
0.764000	12.405365	2
2.592000	12.485975	2
0.389000	12.566065	2
0.222000	12.645644	2
0.312000	12.724723	2
0.407000	12.803310	2
1.557000	12.881415	2
0.330000	12.959046	2
0.396000	13.036213	2
0.379000	13.112923	2
0.249000	13.189183	2
0.631000	13.265003	2
0.276000	13.340389	2
0.429000	13.415350	2
0.717000	13.489891	2
6.217000	13.564020	2
0.388000	13.637745	2
0.362000	13.711071	2
0.324000	13.784005	2
0.403000	13.856553	2
0.292000	13.928721	2
0.395000	14.000516	2
0.293000	14.071942	2
0.210000	14.143005	2
0.297000	14.213712	2
0.846000	14.284066	2
0.857000	14.354074	2
0.388000	14.423741	2
0.410000	14.493072	2
0.230000	14.562070	2
1.070000	14.630741	2
0.873000	14.699090	2
0.404000	14.767121	2
0.275000	14.834839	2
0.225000	14.902247	2
4.663000	14.969352	2
0.394000	15.036155	2
0.661000	15.102661	2
0.523000	15.168875	2
0.325000	15.234799	2
0.339000	15.300439	2
19.146000	15.365796	2
22.867001	15.430876	2
17.896000	15.495681	2
15.913000	15.560215	2
9.644000	15.624481	2
5.240000	15.688483	2
15.069000	15.752224	2
29.834000	15.815707	2
29.125999	15.878936	2
24.775000	15.941913	2
15.489000	16.004641	2
10.939000	16.067122	2
17.965000	16.129360	2
0.456000	16.191359	2
0.365000	16.253120	2
0.389000	16.314648	2
0.492000	16.375942	2
0.294000	16.437008	2
0.438000	16.497847	2
2.239000	16.558460	2
0.527000	16.618853	2
0.108000	16.679026	2
0.490000	16.738981	2
0.275000	16.798721	2
0.378000	16.858250	2
27.791000	16.917568	2
3.083000	16.976679	2
25.145000	17.035583	2
22.066000	17.094284	2
25.099001	17.152782	2
2.025000	17.211082	2
41.494999	17.269184	2
12.792000	17.327091	2
18.097000	17.384804	2
24.309999	17.442326	2
2.831000	17.499657	2
14.218000	17.556801	2
23.334000	17.613758	2
21.344000	17.670532	2
15.013000	17.727123	2
2.860000	17.783533	2
25.172001	17.839766	2
10.490000	17.895821	2
3.613000	17.951700	2
26.660999	18.007404	2
2.254000	18.062937	2
18.355000	18.118299	2
10.881000	18.173492	2
11.525000	18.228518	2
13.097000	18.283377	2
10.310000	18.338072	2
12.577026	18.392603	2
11.664000	18.446972	2
21.412001	18.501181	2
15.539000	18.555231	2
6.258000	18.609125	2
14.209000	18.662863	2
25.181000	18.716446	2
27.622000	18.769875	2
14.946000	18.823151	2
28.094999	18.876276	2
2.363000	18.929253	2
17.837999	18.982080	2
25.792999	19.034761	2
8.412000	19.087297	2
14.625000	19.139688	2
1.612000	19.191936	2
2.140000	19.244041	2
0.359000	19.296005	2
0.363000	19.347830	2
0.330000	19.399515	2
0.371000	19.451063	2
0.272000	19.502474	2
0.499000	19.553749	2
0.206000	19.604891	2
0.712000	19.655899	2
0.560000	19.706774	2
0.237000	19.757517	2
0.364000	19.808130	2
0.680000	19.858614	2
0.445000	19.908970	2
0.437000	19.959198	2
0.369000	20.009300	2
0.246000	20.059277	2
0.478000	20.109129	2
0.238000	20.158857	2
0.946000	20.208464	2
0.682000	20.257948	2
0.260000	20.307312	2
0.305000	20.356556	2
30.624001	20.405680	2
29.649000	20.454685	2
39.178001	20.503574	2
0.742000	20.552347	2
19.452000	20.601004	2
17.193001	20.649546	2
5.767000	20.697973	2
5.415000	20.746286	2
20.674000	20.794487	2
16.667999	20.842577	2
20.888000	20.890556	2
0.999000	20.938425	2
16.509001	20.986185	2
5.932000	21.033836	2
22.375999	21.081379	2
11.341000	21.128815	2
12.829000	21.176144	2
26.934000	21.223366	2
3.055000	21.270483	2
0.532000	21.317497	2
0.307000	21.364407	2
0.301000	21.411213	2
1.024000	21.457918	2
0.400000	21.504520	2
0.383000	21.551022	2
0.361000	21.597424	2
0.430000	21.643724	2
0.460000	21.689928	2
0.447000	21.736032	2
0.214000	21.782040	2
0.258000	21.827950	2
0.349000	21.873762	2
0.343000	21.919479	2
0.464000	21.965101	2
0.353000	22.010628	2
0.229000	22.056061	2
0.674000	22.101400	2
0.352000	22.146646	2
0.279000	22.191799	2
0.519000	22.236860	2
0.555000	22.281830	2
0.200000	22.326710	2
0.359000	22.371500	2
0.215000	22.416201	2
0.470000	22.460812	2
0.465000	22.505333	2
0.324000	22.549767	2
0.348000	22.594112	2
0.372000	22.638372	2
1.369000	22.682545	2
0.364000	22.726631	2
0.276000	22.770632	2
1.748000	22.814548	2
0.298000	22.858379	2
3.910000	22.902126	2
0.352000	22.945791	2
0.344000	22.989372	2
0.356000	23.032871	2
0.503000	23.076288	2
0.506000	23.119623	2
0.873000	23.162876	2
0.717000	23.206049	2
0.889000	23.249142	2
0.644000	23.292154	2
0.495000	23.335087	2
0.617000	23.377941	2
0.640000	23.420717	2
0.572000	23.463415	2
0.487000	23.506035	2
0.326000	23.548576	2
0.280000	23.591042	2
0.247000	23.633430	2
0.392000	23.675743	2
0.904000	23.717981	2
0.268000	23.760143	2
0.538000	23.802231	2
0.475000	23.844244	2
2.681000	23.886183	2
0.453000	23.928047	2
0.494000	23.969839	2
0.646000	24.011559	2
0.214000	24.053205	2
1.025000	24.094780	2
0.265000	24.136282	2
0.334000	24.177713	2
0.375000	24.219074	2
0.894000	24.260365	2
0.393000	24.301584	2
0.230000	24.342733	2
0.417000	24.383814	2
0.598000	24.424824	2
30.336000	24.465765	2
26.173000	24.506638	2
5.431000	24.547443	2
18.906000	24.588181	2
23.114000	24.628851	2
15.046000	24.669455	2
25.101000	24.709991	2
14.725000	24.750462	2
18.149000	24.790865	2
28.408001	24.831202	2
2.266000	24.871473	2
23.215000	24.911680	2
5.972000	24.951822	2
20.142000	24.991899	2
20.388000	25.031912	2
40.748001	25.071861	2
23.115999	25.111746	2
2.244000	25.151567	2
28.663000	25.191326	2
2.637000	25.231022	2
10.135000	25.270657	2
18.681999	25.310228	2
19.306999	25.349737	2
22.264999	25.389185	2
17.806999	25.428572	2
22.955999	25.467897	2
23.836000	25.507162	2
1.666000	25.546368	2
26.221001	25.585512	2
7.246000	25.624598	2
7.925000	25.663622	2
17.900000	25.702587	2
17.167999	25.741493	2
3.354000	25.780340	2
29.408001	25.819130	2
28.968018	25.857861	2
29.483999	25.896534	2
29.023001	25.935148	2
21.500000	25.973705	2
23.584000	26.012205	2
15.240000	26.050648	2
37.917999	26.089035	2
2.306000	26.127365	2
22.670000	26.165640	2
19.988001	26.203857	2
14.785000	26.242020	2
23.299000	26.280127	2
6.395000	26.318178	2
0.579000	26.356174	2
0.307000	26.394115	2
0.336000	26.432003	2
0.528000	26.469835	2
2.109000	26.507614	2
0.538000	26.545340	2
0.452000	26.583012	2
0.390000	26.620630	2
0.301000	26.658195	2
0.316000	26.695707	2
0.227000	26.733166	2
0.590000	26.770573	2
0.325000	26.807926	2
0.354000	26.845228	2
0.354000	26.882479	2
0.368000	26.919678	2
0.799000	26.956825	2
0.418000	26.993921	2
13.871000	27.030966	2
13.780000	27.067961	2
0.867000	27.104904	2
21.766001	27.141798	2
22.990999	27.178642	2
14.808000	27.215435	2
30.677999	27.252178	2
29.226000	27.288872	2
4.019000	27.325518	2
10.179000	27.362114	2
0.241000	27.398661	2
0.346000	27.435160	2
0.319000	27.471609	2
0.315000	27.508011	2
0.361000	27.544363	2
3.642000	27.580667	2
0.271000	27.616924	2
0.413000	27.653133	2
29.469000	27.689295	2
0.540000	27.725410	2
0.408000	27.761478	2
0.608000	27.797499	2
0.240000	27.833473	2
0.378000	27.869402	2
0.420000	27.905283	2
6.299000	27.941118	2
0.382000	27.976908	2
19.028000	28.012651	2
28.023010	28.048349	2
28.823000	28.084002	2
24.695999	28.119610	2
17.801001	28.155172	2
17.812000	28.190689	2
18.299999	28.226162	2
39.666000	28.261591	2
24.474001	28.296974	2
13.622000	28.332314	2
26.625999	28.367609	2
3.768000	28.402861	2
26.224001	28.438068	2
9.557000	28.473232	2
15.422000	28.508352	2
15.312000	28.543430	2
4.021000	28.578465	2
22.677999	28.613457	2
25.944000	28.648405	2
15.865000	28.683311	2
1.883000	28.718176	2
26.945999	28.752996	2
4.123000	28.787775	2
22.900999	28.822512	2
16.093000	28.857206	2
11.005000	28.891859	2
20.374001	28.926472	2
12.376000	28.961042	2
14.123000	28.995571	2
18.510000	29.030060	2
29.323000	29.064507	2
30.778000	29.098913	2
25.264000	29.133278	2
12.060000	29.167603	2
6.992000	29.201887	2
3.806000	29.236132	2
0.353000	29.270336	2
0.283000	29.304501	2
0.242000	29.338625	2
0.316000	29.372709	2
0.707000	29.406754	2
0.408000	29.440760	2
0.269000	29.474726	2
0.306000	29.508654	2
0.403000	29.542542	2
0.356000	29.576391	2
2.645000	29.610203	2
0.307000	29.643974	2
0.489000	29.677708	2
0.392000	29.711403	2
0.374000	29.745060	2
0.682000	29.778679	2
0.381000	29.812260	2
0.285000	29.845802	2
0.445000	29.879309	2
0.370000	29.912777	2
0.489000	29.946207	2
0.197000	29.979601	2
0.434000	30.012957	2
0.446000	30.046276	2
14.256000	30.079557	2
15.602000	30.112803	2
18.261000	30.146011	2
6.074000	30.179184	2
24.872000	30.212320	2
5.263000	30.245419	2
48.139000	30.278481	2
17.065001	30.311508	2
22.841000	30.344500	2
18.249001	30.377455	2
33.075001	30.410374	2
19.690001	30.443256	2
11.743000	30.476105	2
9.084000	30.508917	2
5.835000	30.541695	2
22.493000	30.574436	2
15.520000	30.607143	2
1.737000	30.639816	2
25.945999	30.672453	2
8.981000	30.705055	2
3.536000	30.737623	2
24.502001	30.770157	2
9.756000	30.802656	2
5.834000	30.835121	2
27.806999	30.867552	2
24.051001	30.899948	2
9.621000	30.932310	2
5.256000	30.964640	2
25.598000	30.996935	2
3.643000	31.029196	2
17.198999	31.061424	2
12.573000	31.093618	2
30.458000	31.125780	2
21.469999	31.157907	2
7.719000	31.190002	2
24.290001	31.222063	2
11.737000	31.254091	2
8.636000	31.286087	2
15.653000	31.318050	2
19.100000	31.349981	2
25.806999	31.381880	2
2.901000	31.413746	2
25.110001	31.445580	2
4.756000	31.477381	2
29.228001	31.509150	2
21.160000	31.540886	2
28.243000	31.572590	2
26.167999	31.604263	2
4.757000	31.635904	2
21.930000	31.667515	2
36.693001	31.699093	2
66.266998	31.730640	2
24.869019	31.762156	2
4.553000	31.793640	2
20.219999	31.825092	2
25.902000	31.856514	2
2.030000	31.887905	2
41.910000	31.919266	2
8.409000	31.950594	2
24.990000	31.981892	2
13.420000	32.013161	2
30.131001	32.044399	2
27.659000	32.075607	2
2.002000	32.106785	2
43.972000	32.137932	2
5.525000	32.169048	2
23.204000	32.200134	2
18.775999	32.231190	2
13.952000	32.262215	2
0.331000	32.293209	2
0.318000	32.324177	2
0.283000	32.355114	2
0.290000	32.386021	2
0.585000	32.416897	2
0.291000	32.447746	2
18.677999	32.478565	2
8.614000	32.509354	2
0.421000	32.540115	2
0.354000	32.570847	2
0.285000	32.601547	2
0.240000	32.632221	2
0.327000	32.662865	2
0.203000	32.693481	2
0.600000	32.724068	2
0.337000	32.754627	2
0.391000	32.785156	2
0.642000	32.815659	2
0.404000	32.846130	2
0.238000	32.876575	2
0.367000	32.906994	2
0.381000	32.937382	2
0.238000	32.967743	2
0.349000	32.998077	2
6.166000	33.028381	2
0.266000	33.058659	2
0.517000	33.088909	2
0.932000	33.119129	2
0.218000	33.149323	2
2.483000	33.179489	2
0.356000	33.209629	2
0.838000	33.239742	2
0.475000	33.269825	2
0.589000	33.299881	2
0.251000	33.329910	2
0.669000	33.359913	2
0.360000	33.389889	2
0.215000	33.419838	2
0.465000	33.449760	2
0.281000	33.479656	2
2.005000	33.509525	2
2.816000	33.539368	2
20.533997	33.569183	2
20.629000	33.598972	2
5.662000	33.628735	2
17.235001	33.658470	2
23.964001	33.688179	2
25.872000	33.717861	2
18.473000	33.747520	2
30.468000	33.777153	2
18.528000	33.806759	2
2.287000	33.836338	2
16.816999	33.865891	2
5.955000	33.895420	2
13.521000	33.924923	2
1.118000	33.954399	2
27.573000	33.983849	2
8.504000	34.013275	2
18.808001	34.042675	2
9.112000	34.072048	2
21.704000	34.101398	2
1.927000	34.130722	2
31.198000	34.160023	2
22.990000	34.189297	2
13.834000	34.218544	2
8.448000	34.247768	2
12.927000	34.276966	2
26.441000	34.306141	2
9.461000	34.335289	2
5.578000	34.364414	2
17.325001	34.393513	2
19.884001	34.422588	2
36.060001	34.451637	2
9.257000	34.480663	2
15.758000	34.509666	2
28.438999	34.538643	2
27.716999	34.567596	2
1.129000	34.596527	2
27.218000	34.625431	2
2.792000	34.654312	2
26.091000	34.683170	2
2.175000	34.712002	2
38.665001	34.740810	2
4.711000	34.769596	2
16.283001	34.798355	2
1.217000	34.827091	2
19.202000	34.855804	2
17.122999	34.884495	2
12.393000	34.913162	2
24.327999	34.941803	2
7.664000	34.970421	2
21.176001	34.999016	2
16.457001	35.027588	2
22.750999	35.056137	2
20.663000	35.084663	2
14.544000	35.113167	2
29.629999	35.141647	2
27.577999	35.170105	2
2.128000	35.198540	2
23.510000	35.226952	2
22.104004	35.255341	2
7.837000	35.283707	2
14.553000	35.312050	2
2.399000	35.340370	2
24.127001	35.368668	2
9.348000	35.396942	2
14.668000	35.425194	2
24.986000	35.453423	2
12.824000	35.481628	2
24.138000	35.509811	2
12.927000	35.537971	2
27.590000	35.566109	2
6.608000	35.594227	2
16.906000	35.622322	2
33.820999	35.650394	2
19.218000	35.678444	2
22.743999	35.706470	2
3.109000	35.734478	2
25.797001	35.762463	2
15.522000	35.790424	2
14.650000	35.818363	2
8.306000	35.846283	2
23.332001	35.874180	2
1.465000	35.902054	2
19.098000	35.929909	2
21.134001	35.957741	2
24.688999	35.985550	2
6.625000	36.013340	2
28.431000	36.041107	2
20.316000	36.068851	2
34.097000	36.096577	2
5.969000	36.124279	2
17.400000	36.151962	2
21.124001	36.179623	2
16.122000	36.207264	2
8.738000	36.234882	2
18.313999	36.262482	2
26.061001	36.290058	2
5.189000	36.317616	2
10.141000	36.345150	2
10.218000	36.372665	2
18.531000	36.400158	2
18.447001	36.427631	2
18.586000	36.455082	2
17.129999	36.482513	2
0.471000	36.509922	2
0.594000	36.537312	2
0.419000	36.564682	2
0.469000	36.592030	2
0.445000	36.619358	2
0.417000	36.646667	2
0.343000	36.673954	2
0.736000	36.701221	2
0.239000	36.728470	2
0.201000	36.755695	2
0.383000	36.782902	2
0.114000	36.810089	2
0.366000	36.837257	2
0.282000	36.864403	2
0.357000	36.891529	2
22.645000	36.918636	2
14.614000	36.945724	2
14.352000	36.972790	2
17.087999	36.999836	2
27.405001	37.026863	2
2.239000	37.053871	2
25.242001	37.080860	2
17.930000	37.107830	2
17.214001	37.134777	2
20.819000	37.161705	2
17.101000	37.188614	2
26.603001	37.215504	2
6.091000	37.242374	2
14.363000	37.269226	2
10.983000	37.296059	2
20.268999	37.322872	2
22.533001	37.349667	2
15.097000	37.376442	2
0.397000	37.403198	2
31.815001	37.429935	2
24.403000	37.456654	2
3.395000	37.483353	2
39.243000	37.510033	2
0.411000	37.536694	2
0.355000	37.563335	2
0.597000	37.589958	2
0.503000	37.616562	2
0.257000	37.643147	2
0.376000	37.669712	2
0.240000	37.696259	2
0.879000	37.722786	2
0.487000	37.749294	2
0.322000	37.775784	2
0.188000	37.802254	2
0.234000	37.828709	2
0.256000	37.855145	2
0.295000	37.881561	2
0.542000	37.907959	2
11.605000	37.934338	2
0.205000	37.960697	2
0.250000	37.987041	2
0.597000	38.013367	2
0.241000	38.039673	2
0.855000	38.065960	2
0.335000	38.092232	2
0.447000	38.118484	2
0.762000	38.144718	2
22.212000	38.170933	2
19.577000	38.197132	2
19.091999	38.223312	2
23.455000	38.249474	2
0.585000	38.275620	2
0.285000	38.301746	2
0.310000	38.327854	2
22.715000	38.353947	2
22.480000	38.380020	2
9.054016	38.406075	2
16.131001	38.432114	2
13.809000	38.458134	2
11.346000	38.484135	2
12.054000	38.510120	2
18.716000	38.536087	2
28.172001	38.562038	2
1.442000	38.587971	2
23.826000	38.613884	2
20.159000	38.639782	2
5.220000	38.665661	2
29.305000	38.691525	2
45.562000	38.717369	2
4.388000	38.743198	2
26.063999	38.769009	2
3.154000	38.794804	2
30.511000	38.820580	2
16.945999	38.846340	2
0.328000	38.872082	2
0.709000	38.897808	2
0.189000	38.923515	2
0.292000	38.949207	2
0.387000	38.974880	2
0.260000	39.000538	2
0.315000	39.026180	2
0.429000	39.051804	2
0.344000	39.077412	2
0.491000	39.103001	2
0.394000	39.128574	2
7.152000	39.154133	2
0.602000	39.179672	2
0.262000	39.205196	2
0.234000	39.230701	2
0.419000	39.256191	2
0.792000	39.281666	2
0.338000	39.307121	2
0.284000	39.332561	2
0.541000	39.357986	2
0.365000	39.383396	2
0.357000	39.408787	2
0.200000	39.434162	2
0.486000	39.459522	2
0.247000	39.484863	2
0.251000	39.510189	2
0.359000	39.535500	2
0.350000	39.560795	2
0.329000	39.586071	2
0.218000	39.611332	2
0.396000	39.636578	2
0.209000	39.661808	2
0.319000	39.687019	2
0.223000	39.712215	2
4.781000	39.737396	2
19.547001	39.762562	2
22.618999	39.787712	2
31.208000	39.812847	2
3.192000	39.837963	2
30.666016	39.863064	2
26.538000	39.888149	2
3.820000	39.913219	2
34.667999	39.938274	2
12.951000	39.963314	2
25.441000	39.988338	2
0.328000	40.013348	2
0.524000	40.038338	2
0.390000	40.063313	2
0.375000	40.088272	2
25.667000	40.113216	2
3.288000	40.138145	2
25.797001	40.163059	2
3.753000	40.187958	2
45.069000	40.212841	2
8.287000	40.237709	2
16.872000	40.262562	2
17.657000	40.287399	2
1.177000	40.312222	2
10.158000	40.337029	2
18.527000	40.361820	2
21.563999	40.386597	2
17.021000	40.411358	2
16.936001	40.436104	2
33.744999	40.460835	2
22.917000	40.485550	2
4.661000	40.510250	2
24.235001	40.534935	2
7.047000	40.559605	2
12.638000	40.584259	2
7.414000	40.608898	2
16.261000	40.633522	2
15.453000	40.658131	2
29.007000	40.682728	2
0.649000	40.707310	2
21.724001	40.731876	2
4.142000	40.756428	2
33.540001	40.780964	2
20.256001	40.805485	2
10.060000	40.829990	2
13.247000	40.854481	2
21.582001	40.878960	2
16.417999	40.903423	2
3.226000	40.927872	2
14.800000	40.952305	2
4.847000	40.976723	2
16.945000	41.001125	2
0.719000	41.025517	2
20.415001	41.049892	2
14.231000	41.074253	2
9.965000	41.098598	2
13.987000	41.122929	2
23.988001	41.147247	2
16.039000	41.171551	2
26.540001	41.195839	2
20.874001	41.220112	2
0.817000	41.244373	2
23.620001	41.268620	2
29.025000	41.292850	2
21.843000	41.317066	2
15.995000	41.341270	2
13.898000	41.365459	2
26.840000	41.389633	2
2.225000	41.413795	2
40.713001	41.437943	2
29.707001	41.462074	2
25.966999	41.486195	2
3.966000	41.510300	2
24.719000	41.534389	2
13.686000	41.558464	2
22.336000	41.582527	2
28.948000	41.606575	2
19.280001	41.630611	2
20.233999	41.654633	2
22.320000	41.678638	2
20.731001	41.702633	2
14.325000	41.726612	2
18.375999	41.750576	2
9.416000	41.774529	2
1.573000	41.798466	2
26.365999	41.822392	2
5.582000	41.846302	2
37.477001	41.870197	2
21.846001	41.894081	2
12.624000	41.917950	2
14.795000	41.941807	2
15.663000	41.965649	2
3.518000	41.989479	2
0.835000	42.013294	2
0.227000	42.037098	2
0.471000	42.060886	2
0.379000	42.084660	2
0.418000	42.108421	2
6.108000	42.132168	2
0.393000	42.155903	2
0.232000	42.179623	2
0.518000	42.203331	2
4.936000	42.227024	2
0.201000	42.250706	2
0.378000	42.274372	2
0.335000	42.298027	2
0.360000	42.321671	2
0.533000	42.345299	2
0.469000	42.368916	2
0.660000	42.392517	2
0.366000	42.416107	2
0.689000	42.439682	2
0.236000	42.463245	2
0.344000	42.486794	2
0.543000	42.510330	2
7.747000	42.533855	2
0.371000	42.557365	2
0.212000	42.580864	2
0.288000	42.604347	2
0.307000	42.627819	2
3.717000	42.651279	2
0.693000	42.674725	2
0.392000	42.698158	2
0.450000	42.721577	2
0.355000	42.744984	2
1.823000	42.768379	2
0.254000	42.791759	2
0.423000	42.815128	2
1.519000	42.838486	2
0.425000	42.861828	2
0.225000	42.885159	2
0.652000	42.908478	2
0.559000	42.931782	2
0.226000	42.955074	2
0.195000	42.978355	2
0.318000	43.001621	2
0.525000	43.024876	2
0.292000	43.048119	2
0.346000	43.071350	2
0.161000	43.094566	2
0.322000	43.117771	2
0.221000	43.140965	2
0.403000	43.164143	2
0.223000	43.187309	2
0.461000	43.210464	2
6.851000	43.233608	2
0.367000	43.256737	2
0.226000	43.279854	2
0.315000	43.302959	2
0.303000	43.326054	2
0.442000	43.349133	2
0.670000	43.372200	2
0.799000	43.395256	2
5.873000	43.418301	2
2.172000	43.441334	2
0.564000	43.464352	2
0.307000	43.487358	2
0.239000	43.510353	2
7.196000	43.533337	2
19.150999	43.556309	2
23.107000	43.579269	2
26.796000	43.602215	2
0.402000	43.625149	2
0.819000	43.648071	2
0.355000	43.670982	2
0.371000	43.693882	2
0.465000	43.716770	2
0.491000	43.739643	2
0.297000	43.762505	2
0.633000	43.785355	2
0.651000	43.808193	2
0.440000	43.831020	2
1.009000	43.853836	2
0.447000	43.876640	2
0.232000	43.899433	2
0.350000	43.922211	2
0.374000	43.944977	2
0.260000	43.967731	2
0.373000	43.990475	2
0.272000	44.013206	2
0.333000	44.035927	2
0.397000	44.058636	2
0.402000	44.081333	2
0.836000	44.104019	2
0.421000	44.126694	2
6.270000	44.149357	2
2.068000	44.172009	2
30.233999	44.194649	2
29.698999	44.217278	2
26.737000	44.239895	2
3.509000	44.262501	2
21.816999	44.285091	2
19.266001	44.307671	2
20.052999	44.330238	2
18.503000	44.352795	2
26.278999	44.375340	2
1.274000	44.397873	2
0.328000	44.420395	2
0.218000	44.442905	2
0.401000	44.465405	2
0.204000	44.487892	2
0.593000	44.510368	2
9.508000	44.532837	2
0.351000	44.555294	2
2.328000	44.577740	2
0.397000	44.600174	2
0.364000	44.622597	2
0.411000	44.645008	2
0.502000	44.667408	2
2.317000	44.689796	2
0.233000	44.712173	2
0.368000	44.734539	2
0.698000	44.756893	2
0.248000	44.779236	2
0.244000	44.801567	2
0.372000	44.823887	2
7.718000	44.846195	2
7.175000	44.868492	2
0.540000	44.890778	2
0.357000	44.913055	2
0.393000	44.935322	2
0.762000	44.957577	2
0.421000	44.979820	2
1.020000	45.002052	2
0.566000	45.024273	2
0.509000	45.046482	2
0.273000	45.068680	2
0.812000	45.090870	2
0.386000	45.113049	2
0.308000	45.135216	2
0.582000	45.157372	2
0.405000	45.179516	2
0.569000	45.201649	2
0.344000	45.223770	2
0.247000	45.245884	2
0.194000	45.267986	2
0.336000	45.290077	2
0.700000	45.312157	2
0.359000	45.334225	2
0.231000	45.356281	2
0.696000	45.378330	2
0.445000	45.400368	2
0.359000	45.422394	2
0.580000	45.444408	2
1.644000	45.466412	2
0.320000	45.488407	2
19.471001	45.510391	2
10.620000	45.532364	2
0.208000	45.554325	2
3.408000	45.576279	2
0.671000	45.598221	2
0.434000	45.620152	2
0.242000	45.642071	2
0.270000	45.663979	2
0.448000	45.685879	2
0.242000	45.707767	2
0.943000	45.729645	2
0.596000	45.751511	2
0.305000	45.773369	2
5.886000	45.795216	2
0.274000	45.817051	2
0.369000	45.838879	2
0.319000	45.860695	2
0.484000	45.882500	2
1.466000	45.904293	2
0.389000	45.926079	2
0.301000	45.947853	2
0.228000	45.969616	2
0.337000	45.991371	2
0.411000	46.013115	2
0.241000	46.034847	2
0.420000	46.056568	2
0.338000	46.078281	2
0.511000	46.099983	2
0.451000	46.121674	2
0.515000	46.143356	2
0.747000	46.165028	2
0.492000	46.186687	2
0.562000	46.208340	2
0.567000	46.229980	2
0.359000	46.251610	2
1.016000	46.273232	2
1.079000	46.294842	2
0.879000	46.316441	2
0.502000	46.338032	2
0.345000	46.359612	2
0.459000	46.381184	2
0.230000	46.402744	2
3.708000	46.424294	2
17.393999	46.445835	2
30.233999	46.467365	2
29.473000	46.488884	2
25.136000	46.510395	2
2.637000	46.531895	2
34.776001	46.553387	2
12.724000	46.574867	2
23.179001	46.596336	2
9.738000	46.617798	2
18.070000	46.639248	2
22.461000	46.660690	2
21.931999	46.682121	2
3.381000	46.703545	2
19.379999	46.724957	2
0.869000	46.746357	2
0.198000	46.767750	2
0.485000	46.789131	2
0.325000	46.810505	2
0.230000	46.831867	2
0.441000	46.853222	2
0.545000	46.874565	2
0.292000	46.895897	2
0.328000	46.917221	2
0.355000	46.938534	2
0.380000	46.959839	2
0.340000	46.981133	2
0.890000	47.002419	2
0.231000	47.023693	2
0.368000	47.044960	2
0.164000	47.066216	2
0.368000	47.087463	2
7.126000	47.108700	2
0.400000	47.129929	2
0.275000	47.151146	2
0.432000	47.172356	2
26.478001	47.193554	2
13.773000	47.214745	2
27.337999	47.235924	2
18.056999	47.257095	2
2.346000	47.278255	2
16.709000	47.299408	2
1.092000	47.320549	2
20.562000	47.341682	2
17.809000	47.362804	2
10.615000	47.383919	2
6.745000	47.405022	2
9.464000	47.426117	2
7.053000	47.447201	2
17.323000	47.468277	2
1.513000	47.489346	2
21.641001	47.510403	2
7.690000	47.531452	2
19.337999	47.552490	2
26.535999	47.573521	2
2.458000	47.594540	2
21.875000	47.615551	2
9.044000	47.636551	2
8.747000	47.657543	2
16.362000	47.678528	2
1.835000	47.699501	2
22.487000	47.720467	2
6.923000	47.741421	2
18.900999	47.762367	2
44.575001	47.783306	2
5.362000	47.804234	2
18.584000	47.825153	2
19.444000	47.846062	2
18.421000	47.866962	2
20.948999	47.887856	2
7.458000	47.908737	2
26.167000	47.929611	2
27.683001	47.950474	2
50.374001	47.971329	2
58.060001	47.992176	2
77.588997	48.013012	2
97.338997	48.033840	2
108.935997	48.054657	2
119.988998	48.075466	2
137.184998	48.096268	2
161.274002	48.117058	2
168.436996	48.137840	2
17.634001	48.158615	2
31.157000	48.179379	2
31.849001	1.000000	2
883.429993	1.000000	2
1740.103027	1.000000	2
2580.559082	1.000000	2
3429.635010	1.000000	2
4269.753906	1.000000	2
5132.176758	1.000000	2
5997.960938	1.000000	2
6839.468750	1.000000	2
7699.181152	1.000000	2
8549.842773	1.000000	2
9397.932617	1.000000	2
10240.755859	1.000000	2
11082.749023	1.000000	2
11972.161133	1.000000	2
12817.925781	1.000000	2
13660.114258	1.000000	2
14507.525391	1.000000	2
15358.351562	1.000000	2
16207.314453	1.000000	2
17049.800781	1.000000	2
17896.142578	1.000000	2
18744.738281	1.000000	2
19590.654297	1.000000	2
20434.080078	1.000000	2
21273.824219	1.000000	2
22116.689453	1.000000	2
22954.820312	1.000000	2
23791.546875	1.000000	2
24638.914062	1.000000	2
25477.851562	1.000000	2
26326.591797	1.000000	2
27173.253906	1.000000	2
28058.466797	1.000000	2
28929.144531	1.000000	2
29790.554688	1.000000	2
30641.361328	1.000000	2
31529.935547	1.000000	2
32380.890625	1.000000	2
33235.007812	1.000000	2
34084.566406	1.000000	2
34923.433594	1.000000	2
35771.925781	1.000000	2
36614.820312	1.000000	2
37470.972656	1.000000	2
38310.238281	1.000000	2
39186.031250	1.000000	2
40035.832031	1.000000	2
40877.925781	1.000000	2
41731.886719	1.000000	2
42603.496094	1.000000	2
43455.128906	1.000000	2
44307.578125	1.000000	2
45151.753906	1.000000	2
46012.394531	1.000000	2
46858.347656	1.000000	2
47701.351562	1.000000	2
48585.238281	1.000000	2
49428.210938	1.000000	2
50280.425781	1.000000	2
51155.765625	1.000000	2
52001.710938	1.000000	2
52873.164062	1.000000	2
53719.980469	1.000000	2
54565.199219	1.000000	2
55436.238281	1.000000	2
56301.632812	1.000000	2
57163.023438	1.000000	2
58050.699219	1.000000	2
58915.925781	1.000000	2
59799.386719	1.000000	2
60670.917969	1.000000	2
61509.664062	1.000000	2
62400.515625	1.000000	2
63240.191406	1.000000	2
64090.757812	1.000000	2
64941.820312	1.000000	2
65782.015625	1.000000	2
66622.359375	1.000000	2
67462.148438	1.000000	2
68312.570312	1.000000	2
69152.921875	1.000000	2
70002.968750	1.000000	2
70853.218750	1.000000	2
71703.093750	1.000000	2
72543.007812	1.000000	2
73392.281250	1.000000	2
74242.320312	1.000000	2
75082.750000	1.000000	2
75922.312500	1.000000	2
76772.414062	1.000000	2
77611.703125	1.000000	2
78451.492188	1.000000	2
79301.398438	1.000000	2
80140.703125	1.000000	2
80999.882812	1.000000	2
81859.492188	1.000000	2
82709.085938	1.000000	2
83568.765625	1.000000	2
84408.632812	1.000000	2
85257.687500	1.000000	2
86107.781250	1.000000	2
86966.765625	1.000000	2
87805.750000	1.000000	2
88655.359375	1.000000	2
89505.187500	1.000000	2
90354.710938	1.000000	2
91233.492188	1.000000	2
92109.390625	1.000000	2
92952.210938	1.000000	2
93797.132812	1.000000	2
94640.484375	1.000000	2
95480.296875	1.000000	2
96319.523438	1.000000	2
97159.734375	1.000000	2
97997.914062	1.000000	2
98837.117188	1.000000	2
99687.007812	1.000000	2
100536.046875	1.000000	2
101385.187500	1.000000	2
102251.281250	1.000000	2
103119.812500	1.000000	2
103972.476562	1.000000	2
104842.039062	1.000000	2
105710.398438	1.000000	2
106560.000000	1.000000	2
107399.289062	1.000000	2
108299.453125	1.000000	2
109139.382812	1.000000	2
109986.960938	1.000000	2
110836.820312	1.000000	2
111675.976562	1.000000	2
112519.539062	1.000000	2
113372.765625	1.000000	2
114214.875000	1.000000	2
115067.593750	1.000000	2
115919.937500	1.000000	2
116772.601562	1.000000	2
117614.195312	1.000000	2
118466.453125	1.000000	2
119318.656250	1.000000	2
120160.062500	1.000000	2
121011.437500	1.000000	2
121852.875000	1.000000	2
122697.835938	1.000000	2
123546.062500	1.000000	2
124387.226562	1.000000	2
125227.953125	1.000000	2
126068.218750	1.000000	2
126910.992188	1.000000	2
127750.132812	1.000000	2
128590.890625	1.000000	2
129441.492188	1.000000	2
130281.609375	1.000000	2
131122.046875	1.000000	2
131995.765625	1.000000	2
132852.250000	1.000000	2
133692.500000	1.000000	2
134532.875000	1.000000	2
135383.390625	1.000000	2
136222.546875	1.000000	2
137073.218750	1.000000	2
137922.953125	1.000000	2
138762.953125	1.000000	2
139602.296875	1.000000	2
140452.265625	1.000000	2
141302.687500	1.000000	2
142142.234375	1.000000	2
142981.765625	1.000000	2
143831.937500	1.000000	2
144670.781250	1.000000	2
145511.078125	1.000000	2
146360.296875	1.000000	2
147200.000000	1.000000	2
148039.515625	1.000000	2
148878.828125	1.000000	2
149718.500000	1.000000	2
150567.500000	1.000000	2
151458.687500	1.000000	2
152307.765625	1.000000	2
153176.062500	1.000000	2
154029.750000	1.000000	2
154875.000000	1.000000	2
155714.437500	1.000000	2
156593.750000	1.000000	2
157443.343750	1.000000	2
158297.078125	1.000000	2
159161.515625	1.000000	2
160000.671875	1.000000	2
160849.828125	1.000000	2
161723.109375	1.000000	2
162564.265625	1.000000	2
163439.500000	1.000000	2
164327.328125	1.000000	2
165196.578125	1.000000	2
166053.687500	1.000000	2
166903.781250	1.000000	2
167744.750000	1.000000	2
168593.578125	1.000000	2
169474.359375	1.000000	2
170322.859375	1.000000	2
171160.953125	1.000000	2
172030.234375	1.000000	2
172869.453125	1.000000	2
173709.390625	1.000000	2
174559.203125	1.000000	2
175425.562500	1.000000	2
176277.328125	1.000000	2
177116.984375	1.000000	2
177954.875000	1.000000	2
178806.640625	1.000000	2
179654.968750	1.000000	2
180502.328125	1.000000	2
181394.968750	1.000000	2
182240.453125	1.000000	2
183079.578125	1.000000	2
183919.031250	1.000000	2
184758.312500	1.000000	2
185607.453125	1.000000	2
186456.218750	1.000000	2
187301.812500	1.000000	2
188144.984375	1.000000	2
188983.656250	1.000000	2
189823.234375	1.000000	2
190672.296875	1.000000	2
191521.296875	1.000000	2
192370.421875	1.000000	2
193229.515625	1.000000	2
194069.046875	1.000000	2
194908.375000	1.000000	2
195747.140625	1.000000	2
196585.859375	1.000000	2
197425.625000	1.000000	2
198264.515625	1.000000	2
199113.734375	1.000000	2
199962.546875	1.000000	2
200802.015625	1.000000	2
201640.812500	1.000000	2
202494.625000	1.000000	2
203339.203125	1.000000	2
204178.406250	1.000000	2
205028.281250	1.000000	2
205866.703125	1.000000	2
206715.984375	1.000000	2
207557.546875	1.000000	2
208394.140625	1.000000	2
209243.156250	1.000000	2
210082.562500	1.000000	2
210932.593750	1.000000	2
211781.171875	1.000000	2
212620.156250	1.000000	2
213468.984375	1.000000	2
214318.640625	1.000000	2
215167.546875	1.000000	2
216027.093750	1.000000	2
216875.390625	1.000000	2
217724.703125	1.000000	2
218564.968750	1.000000	2
219424.921875	1.000000	2
220282.843750	1.000000	2
221122.984375	1.000000	2
221963.562500	1.000000	2
222817.671875	1.000000	2
223696.046875	1.000000	2
224562.000000	1.000000	2
225446.000000	1.000000	2
226329.312500	1.000000	2
227225.437500	1.000000	2
228111.593750	1.000000	2
228974.296875	1.000000	2
229828.531250	1.000000	2
230671.109375	1.000000	2
231542.187500	1.000000	2
232390.187500	1.000000	2
233238.671875	1.000000	2
234097.890625	1.000000	2
234937.937500	1.000000	2
235776.703125	1.000000	2
236625.312500	1.000000	2
237483.968750	1.000000	2
238332.953125	1.000000	2
239172.296875	1.000000	2
240011.328125	1.000000	2
240860.593750	1.000000	2
241701.906250	1.000000	2
242539.343750	1.000000	2
243387.765625	1.000000	2
244241.468750	1.000000	2
245086.406250	1.000000	2
245938.093750	1.000000	2
246799.718750	1.000000	2
247644.000000	1.000000	2
248493.343750	1.000000	2
249332.296875	1.000000	2
250182.187500	1.000000	2
251021.781250	1.000000	2
251869.359375	1.000000	2
252718.484375	1.000000	2
253567.437500	1.000000	2
254427.031250	1.000000	2
255265.859375	1.000000	2
256102.890625	1.000000	2
256956.093750	1.000000	2
257846.500000	1.000000	2
258688.859375	1.000000	2
259527.718750	1.000000	2
260364.281250	1.000000	2
261211.937500	1.000000	2
262067.671875	1.000000	2
262923.375000	1.000000	2
263768.093750	1.000000	2
264622.093750	1.000000	2
265495.031250	1.000000	2
266352.343750	1.000000	2
267205.937500	1.000000	2
268071.500000	1.000000	2
268926.406250	1.000000	2
269773.531250	1.000000	2
270635.187500	1.000000	2
271489.687500	1.000000	2
272351.437500	1.000000	2
273193.000000	1.000000	2
274057.406250	1.000000	2
274913.000000	1.000000	2
275762.437500	1.000000	2
276642.156250	1.000000	2
277497.093750	1.000000	2
278358.062500	1.000000	2
279213.125000	1.000000	2
280062.468750	1.000000	2
280902.500000	1.000000	2
281752.031250	1.000000	2
282592.687500	1.000000	2
283440.687500	1.000000	2
284287.687500	1.000000	2
285130.218750	1.000000	2
285981.125000	1.000000	2
286826.843750	1.000000	2
287672.375000	1.000000	2
288569.843750	1.000000	2
289416.593750	1.000000	2
290276.906250	1.000000	2
291115.531250	1.000000	2
291964.375000	1.000000	2
292833.406250	1.000000	2
293673.812500	1.000000	2
294514.312500	1.000000	2
295350.781250	1.000000	2
296204.218750	1.000000	2
297121.093750	1.000000	2
297981.562500	1.000000	2
298820.156250	1.000000	2
2.000000	0.000000	1670228017
3.000000	0.000000	1670228017
4.000000	0.000000	1670228017
5.000000	0.000000	1670228017
6.000000	0.000000	1670228017
7.000000	0.000000	1670228017
8.000000	0.000000	1670228017
9.000000	0.000000	1670228017
10.000000	0.000000	1670228017
11.000000	0.000000	1670228017
12.000000	0.000000	1670228017
13.000000	0.000000	1670228017
14.000000	0.000000	1670228017
15.000000	0.000000	1670228017
16.000000	0.000000	1670228017
17.000000	0.000000	1670228017
18.000000	0.000000	1670228017
19.000000	0.000000	1670228017
20.000000	0.000000	1670228017
21.000000	0.000000	1670228017
22.000000	0.000000	1670228017
23.000000	0.000000	1670228017
24.000000	0.000000	1670228017
25.000000	0.000000	1670228017
26.000000	0.000000	1670228017
27.000000	0.000000	1670228017
28.000000	0.000000	1670228017
29.000000	0.000000	1670228017
30.000000	0.000000	1670228017
31.000000	0.000000	1670228017
32.000000	0.000000	1670228017
33.000000	0.000000	1670228017
34.000000	0.000000	1670228017
35.000000	0.000000	1670228017
36.000000	0.000000	1670228017
37.000000	0.000000	1670228017
38.000000	0.000000	1670228017
2.000000	0.000000	1670228127
3.000000	0.000000	1670228127
4.000000	0.000000	1670228127
5.000000	0.000000	1670228127
6.000000	0.000000	1670228127
7.000000	0.000000	1670228127
8.000000	0.000000	1670228127
9.000000	0.000000	1670228127
0.632000	2.000000	64
0.831000	3.000000	64
0.558000	4.000000	64
0.686000	5.000000	64
2.105000	6.000000	64
0.508000	7.000000	64
0.228000	8.000000	64
0.507000	9.000000	64
0.604000	10.000000	64